4.939865862539883357e-01
7.690350639445419079e-01
5.407915800186978705e-01
8.727036775646291877e-01
5.008749721495988627e-01
-5.209098975906740758e-01
-2.532133090157033251e-01
-9.912812170394713629e-02
6.244190864301987220e-01
-8.493750219628040110e-01
1.186716528246482438e+00
8.372634799323690480e-01
2.972560901128040167e-01
7.305573991118908816e-01
-3.086025162717752068e-01
-8.907673332033827496e-01
-1.216785129937496990e+00
2.834888913803769728e-01
-1.238459645066618542e-01
-8.230103734502078883e-01
-1.441892164964241108e+00
-7.729350963654232354e-01
-4.195644360131687844e-01
-3.666935220128454409e-01
4.929004939164056132e-01
-8.699786834341397337e-03
-1.941786086915763487e+00
-5.127596005149502867e-01
1.249181122291401991e+00
-5.052730412007730432e-02
-3.844702685809409798e-02
1.603398508743968109e-01
3.679420349215612590e-02
-9.349002295095292306e-03
-4.712501332768368467e-01
-1.720166025231182783e+00
-3.929272239497059171e-01
8.665891905909980375e-01
7.315208972645708130e-01
-5.971483364491543544e-02
-7.938365705375953763e-01
8.938328380217664959e-01
5.397058060238280053e-02
1.157219834560614613e+00
-1.564028312654738573e-01
1.197663744430474519e+00
-5.270607043200598030e-01
-1.452968466294597194e+00
1.392931582128464019e+00
2.096153674918260768e-01
3.261109927150210308e-01
3.337760359631982698e-01
1.593036938133324254e+00
-2.288796807416345835e+00
-7.779561125716404069e-02
-5.984960111424600937e-01
6.260961175596461148e-01
1.802009581209162770e+00
-4.882344546906923766e-01
-1.749582723965494635e+00
2.013237340022671906e-01
1.409328721226683623e+00
-1.136591255153551749e+00
6.582794391774676734e-01
-1.791478386226205144e+00
-9.240135841701480057e-01
5.596349868195374389e-02
-1.035586685484751523e+00
-7.801215286711252750e-01
-9.979198259783459424e-01
6.169308731444723692e-01
-3.328078284270915010e-01
1.533364664553936274e+00
-3.725072542787048469e-01
-6.806642051627578294e-01
-7.004831373699335062e-01
2.528050324443581465e-02
-7.608496564140538876e-01
-5.302733221966811072e-01
-1.154094706821984673e+00
-1.307234907259808399e+00
5.959255873736117870e-01
-1.273587020721189123e-01
-8.961447638989856745e-01
1.589487895583505672e+00
5.359443690114895631e-01
-4.432441188872392468e-01
1.254292103576714723e+00
1.236233691313402688e-01
-5.601898607232044247e-01
1.770039247372240943e-01
-5.854012102709527099e-01
-2.173508228531277897e+00
1.071459580189769945e+00
4.413951493592028763e-01
-1.879476984789021143e+00
-4.968612575560717171e-02
-7.255377801255767922e-01
-4.766587644955275205e-02
3.022777461192405202e-01
7.529936881702390394e-01
1.016343549736558050e+00
7.549698035858523615e-02
1.124210968597398219e+00
2.300005330596411879e-01
-1.010595770065015664e+00
1.357731530937565489e+00
-5.271855362591550964e-01
5.981126983968306776e-01
-2.038855052420948777e+00
-2.079750183724100587e+00
-8.587404835582870266e-01
-3.332783541013326634e-01
3.522064782631617041e-01
7.976941538763968609e-01
-1.860581305925400386e+00
6.203471273910261125e-02
-1.179988868053560402e+00
9.366802070810481551e-02
-4.120862334004266603e-01
-4.332701957208073273e-01
-2.249267754246577211e-01
-2.020330776495325442e-01
3.931648103608174627e-01
1.273656971071807975e+00
1.875939150357856799e-01
-7.418306096254634330e-01
6.646006829749965261e-01
4.301127942507674273e-01
-4.137810829188168227e-02
-9.596594381358758419e-01
-1.062972329002902505e+00
8.506634001621006247e-01
-4.940198572553352596e-01
-7.930904119882113690e-02
-1.034068802929319020e+00
3.743478789749917768e-01
1.277370925810971336e+00
-6.946715006193726616e-01
-2.916809304931068936e-01
-4.875894871843387823e-02
2.205863046085139167e+00
-2.867431435366426529e-01
4.202179676328907654e-01
-1.687459400084140526e+00
-8.440473696907887513e-01
1.584601632562298690e+00
-5.023160963479837704e-02
2.387483856064745724e-01
-1.597994446474436447e+00
8.129421230362233741e-01
4.814114095648411307e-01
1.096364379994208438e+00
2.972426234579045312e-01
-1.639514135523252869e-01
1.002231588741693935e+00
1.491052733794101526e-02
3.054741367895040249e-01
-2.733033312967733663e-01
-1.313995051275094417e+00
-2.787850689249373182e-01
5.304849573952030717e-02
1.266486088961391310e-01
1.611035736679271302e-01
4.215193113612099030e-01
-4.786171775455655975e-01
6.109576759570339854e-01
-2.619254897359636902e-01
4.124301413768692581e-02
-7.656520184326722767e-01
7.273759563886885715e-01
-1.184788152040100240e+00
4.130931391189880952e-01
-1.074869022803932817e+00
1.477056123630914763e+00
1.723765416259018135e+00
-2.344937627190435137e-01
1.648002276563394763e-01
-6.217430094449898359e-01
-6.657467420107249234e-02
-7.706161615703942258e-02
-3.094295464399038353e-02
-1.225206569197487272e-01
-1.586715924948543410e+00
1.521444612638266358e+00
2.459098731584157538e-01
1.536217405176917739e+00
6.903184941270731345e-01
9.065838107503744192e-01
-2.177956246915327743e+00
1.874903432645163237e+00
-1.926486810611602596e-01
-4.994369967836482793e-01
1.216686085228506770e-01
-1.328007571019045319e+00
3.421160034557055307e-01
1.051362450499757628e+00
-1.369358154868315136e+00
-5.310000112195806254e-01
-1.778211830864997733e-01
6.396093390173557269e-01
2.641964982882327381e-02
-4.390524716937134475e-02
1.412227652209943951e+00
5.656324559170794464e-01
3.865409760836203135e-01
6.118493594842401295e-01
2.338389292429170034e-03
-1.399988360203787474e+00
-7.342906099422193966e-01
9.577892282314485195e-01
-1.944660754776200706e+00
8.821720796801094666e-01
1.098876612211392712e-01
-3.642536489446722148e-01
-7.072673508398984454e-01
-1.561559371630384829e+00
-1.640104774812114696e+00
-3.465974276991494740e-01
4.920966429330850267e-02
-5.324106132942169056e-01
-5.433782870696244327e-01
-2.982167610235628152e-01
1.810193294308399745e-02
8.994152353441539072e-01
1.396911620198939108e+00
6.124217213336625720e-01
-1.282810838788959740e-01
-1.026884596252365389e-01
-1.292237902086030399e+00
-1.333235367065258581e+00
-5.345059449777018745e-01
-3.938242665585085511e+00
1.111400634854637248e+00
-2.261210192615713821e-01
5.918025389231306166e-01
-2.437021526238759284e-01
4.033903784438796492e-01
5.270266267519101433e-01
1.350219921811152135e+00
1.120836699096314643e-01
1.634891531007238719e+00
-2.805936540996575856e-01
5.709299800666356450e-01
-9.802374866487272020e-02
1.105789654186853488e+00
3.297225667382789993e+00
-1.872964316738229940e+00
-7.703322345337183519e-01
-5.799076310943253043e-01
8.940938640602136278e-01
3.003948412437254523e-01
2.994247584372606297e-01
6.361918214048184472e-01
2.929355898305097128e-01
3.359097096635979551e-01
-1.286831900575101661e-01
8.058647812555085332e-01
8.973226251381232199e-01
-1.422686939332010458e-01
-1.860811339275495246e+00
-1.289204459119119295e-01
-1.183908437750925913e+00
9.709383756224727602e-01
7.858055391269064271e-01
-1.298898299963861858e+00
2.825740201297280429e-01
2.202971352680735961e+00
1.413380203945352187e-01
2.791066655244812122e-01
-2.101336523630961572e+00
3.528404667937757866e-01
2.690633375865195687e-01
-1.570718718152144922e+00
1.521581374603328207e+00
3.423075902518792762e-02
-5.101000825637561631e-01
-1.161343652586078079e+00
-1.629327311178417892e+00
8.745139607171158458e-01
2.231462218718703205e+00
8.536585561689026547e-02
1.672034122046227311e-02
2.146151135890084216e+00
1.678743186330797110e+00
-1.160844092366972058e+00
-8.765688736663299618e-01
7.908431584716325569e-01
6.909006150810679259e-01
4.602803592339440586e-01
-2.530643347216222083e-01
4.891901805334902265e-01
1.012946381920194927e+00
2.113239224372628067e-01
6.950004112171863646e-01
-9.064100115724930962e-02
1.225003636805878371e-01
-1.351053253133104315e+00
-1.596338534168478818e-01
1.083779478108461092e+00
6.143263459218544220e-01
-2.534664581947678741e-01
1.998278731711419898e+00
9.860802367081298314e-01
-3.432696748389224561e-01
1.887062582565666391e+00
-3.575667328322510996e-01
7.547169074744738415e-01
-9.008910679551895839e-01
6.588838862807865349e-01
1.626961323160519279e-01
1.464582931266880994e+00
4.273647945291100814e-01
6.634270221030098558e-01
2.368621249069442936e+00
2.800725196433718200e-01
-3.820506526958677984e-01
-1.641189000436204193e+00
-9.874785395053500281e-01
-1.023459955536326405e+00
-8.937514343671527639e-01
-2.918353716704165657e-01
2.469678605540605698e+00
1.786014341493382673e+00
9.476108644294564121e-01
-1.093720854952172195e+00
1.076958641322345755e+00
2.827503648538278180e-01
-8.789209836635103468e-01
-8.387612305419399339e-02
1.339925766810411145e-01
2.313539917984766880e+00
-6.205310043305982681e-01
-1.083873496469306003e-01
-2.330922769638146541e-01
7.628156875254227254e-01
-6.439368326480283677e-01
4.881606085380355009e-01
-1.740150029637379081e+00
1.396716025428786478e+00
1.088234068618648687e+00
5.396218059667590161e-01
-5.935764732348844941e-01
-8.259183431229807359e-01
-6.093358569950819703e-01
1.400613572274875596e+00
6.683617384480158297e-01
6.503327663287633564e-01
1.872657936067174123e-01
1.289068476217351544e-01
1.087017970546782619e+00
-2.594127429003825203e-01
-2.549943936087539220e-01
1.216514995690787915e+00
-2.399445148341897927e+00
-3.029071706818805242e-03
-1.773962280645633216e+00
-2.719900920584432114e-01
-1.101889139505310533e+00
1.023966086279583521e-01
5.195491777111606833e-03
7.760412217788659195e-01
1.133888044733609046e+00
-7.868119525834296191e-01
-2.734839165638187075e-01
-1.018074306538844231e+00
-2.713092673066326913e-02
-2.544250429837715058e-02
-2.946899653239550831e-01
-8.999771852165566743e-01
-5.947419390737477274e-01
-1.112091824288305719e-01
8.157006419383234785e-01
6.049701804888972800e-01
-4.267205341250104311e-01
7.217945717372892256e-01
1.616054561946368151e-01
2.145350637605619504e+00
8.435025634938756456e-01
3.094864845024655753e-01
2.658864900309433899e-01
6.488895180534834939e-01
-2.234627053465791047e+00
-1.194275495811401688e+00
-2.321201483592683912e-01
-7.736092679536971106e-01
2.483680522526100221e-01
1.132361130921412773e+00
1.030769679901583746e+00
-1.015631022178287157e+00
6.831631005492742048e-01
-1.527429580450176516e+00
-2.455523131815664950e+00
-1.401902522909504345e+00
-1.109245323691673946e+00
-6.371149027328827374e-01
1.412277631100917474e-01
-3.986762942056504277e-01
-8.464015477359957407e-01
-1.194344469864121683e+00
-7.374093044420820808e-01
5.896690512576147070e-01
-1.386932538275699400e+00
-6.443060168852957625e-01
-1.385040424460020514e+00
8.922070888584648918e-01
-1.194817655689656144e-01
-1.382092612354304695e+00
-1.478179570382829100e+00
-9.486603546347218696e-01
8.879791734807801484e-01
-1.298798500369626428e-02
3.708118177587448883e-01
-3.731014409775542662e-01
7.854534854747620143e-01
7.319846807642399478e-01
1.351807928343604415e+00
-4.703444493941184024e-01
-1.972349897325875456e-01
6.633994214667391365e-01
-1.757388905061058049e-01
1.703420240256397600e+00
-8.570405090986398244e-01
-4.738863255946824254e-02
1.577367562346341678e+00
2.523104573435588915e-01
1.176932036939279502e+00
-5.521375862904010640e-02
3.794920386319719507e-02
-1.704757468585359259e+00
9.850763970738580788e-01
-3.228967236193785451e-01
-9.785479806667293778e-02
-1.071088214491631829e+00
-8.632442861842591630e-02
-5.613816238445209494e-01
1.099404123510734799e+00
5.471290900325284992e-03
-1.190443333852481828e-02
-5.561200996020223553e-01
-2.913760727852525156e-01
5.965239887353427362e-01
8.167474809072876596e-01
-2.094698368294720670e+00
6.005133819441330761e-02
8.811087245222584130e-01
-1.175528222996144567e+00
-4.008227236314991226e-01
-5.032715020968254738e-01
-5.754680079947088744e-01
1.662478133933395830e+00
-7.983799546251322266e-01
-2.408483876779039079e+00
-8.433631278900325379e-01
3.072550436201884616e-01
9.247407213409702953e-01
-4.257035151619552038e-01
-1.223319074823652902e-01
-6.246502277061801722e-01
1.104638261773696950e+00
1.622949598568486529e+00
-2.020232211775089493e+00
-6.508071511898980699e-01
-1.527251413043865247e+00
-5.266654226837339525e-01
-1.264472934906319956e-01
7.941855546770233421e-01
8.619941871959473367e-01
9.395084360612684371e-01
-1.599352403251318666e+00
7.848379939116606474e-02
1.604601493668243561e+00
-3.562396655952391744e-01
-1.270453252909512720e+00
-1.412062787644770889e+00
1.398843516898334638e+00
8.356251073186558853e-02
-2.039261514857264035e-01
1.583547622721755310e+00
2.722140312305039722e-01
-1.516713598626121318e+00
-6.882355261016124270e-01
-3.366698907470853652e-01
8.869047943660304245e-01
-4.210720934500846585e-02
1.098464011035407140e+00
2.209379311867352591e+00
1.992122771020434557e+00
1.876388914737845415e+00
1.021598829174332312e+00
-4.659645727677880767e-01
4.008193300154977989e-01
-1.064921464407002416e+00
-2.523014947307251621e+00
1.414897681531623208e+00
-8.091278167752653516e-01
1.899879304428208737e+00
-1.907410409682230412e+00
-9.564784513845923097e-01
1.276136633031544010e+00
1.472409919949909662e+00
-7.404312785634014071e-01
8.735896215881538279e-03
3.177919708268087118e-01
4.265100264093492632e-01
-8.631530991026907795e-01
-3.577392075261035531e-01
7.601140309409111506e-02
3.112252095531487517e-01
2.104348349308174715e+00
1.191144113365492502e-01
1.284104158759611591e+00
3.403375052699740833e-01
1.483181529304245183e+00
-1.057771427387502960e+00
-5.109410680991032239e-01
1.036732503796076843e+00
1.087063302195647951e+00
-1.734218479922770284e-01
-1.181654677438432444e+00
5.390464128930109178e-01
1.269529918657019030e+00
1.125993004678375320e-01
-2.393388375448416983e-01
-8.332577601503678988e-01
-4.145152909161406440e-01
-2.031317902145683418e-01
-8.344817602146519242e-01
-8.923128011851445551e-01
9.448996441299943871e-01
8.417773048207215503e-01
-1.385890616554155352e+00
-3.391070508893489155e+00
-2.167586972234955223e+00
-4.618374226398268556e-01
-2.212015933535327328e-01
9.595271667638034518e-01
-4.866889322404859830e-01
-6.537295599502130905e-01
-7.685583493376834108e-01
1.094324296435634114e+00
-2.445533102227128719e-01
8.179318945916655981e-01
5.699598443002141801e-01
7.829596330770899337e-02
-5.150115584953860459e-01
-1.426153911886846704e+00
8.221097323395465395e-01
1.103240774914207023e-01
-1.168893933861903101e+00
-8.331712894728476870e-01
3.733826950551187851e-01
-4.710567891854051947e-02
3.917170665036311394e-01
-5.629945408390459871e-01
-1.028563537237865422e+00
-4.704714484549235021e-01
6.072981376789702290e-01
1.276713095016190014e+00
9.550263029099390621e-01
-5.042063522909179252e-01
7.104765912141519646e-01
1.188479594559170294e-01
-4.908571200723943484e-01
1.506605174987808993e-01
1.622065237433548024e+00
-9.773662550995192433e-01
-8.402494551997995442e-01
1.045344547886463138e+00
-1.853181160285248819e+00
1.662461023364530943e-01
5.385539442732490967e-01
-4.840355809165011736e-01
1.214167307665257267e+00
-1.644366530506931046e+00
1.742381882437568752e+00
-1.021549509809046352e+00
1.186092711859090043e+00
-2.979919243322999844e-01
1.078494288993211425e+00
-7.076768331306763082e-01
-1.011974516252973633e+00
5.882334956675068227e-01
-1.426786161293566169e-01
2.938512168712086869e-01
-6.869788872962533377e-01
-4.545476384404661951e-01
-1.591908793445950598e+00
3.935566885528764547e-01
-2.479871639587586107e-01
6.753825617083865085e-01
1.540132906720424355e+00
7.660026628193498111e-01
-1.730050544316429573e+00
-1.397466242388704316e+00
5.258659459940142611e-01
1.315553215425586953e-01
9.145954400475230228e-01
-1.195422899631769065e+00
-4.007726412983840247e-01
-4.040770871541761178e-01
-9.815406116160975136e-01
1.230746722177493035e+00
-8.596155310634959745e-01
-3.601338651236048460e-01
-1.147063674094769836e-01
4.312766026179852830e-01
2.833638168774378907e-01
-4.759654569489110143e-01
7.325935971387033119e-01
-1.037138813106264212e+00
5.558617734104539521e-01
-4.802077449419309141e-01
2.056988439380741607e+00
-3.755289611489153190e-01
-3.962877668881549797e-01
-1.085792777600318226e+00
-1.625347973866357876e-01
5.610690848468071756e-01
4.571619944038862182e-01
1.050104555077020718e+00
-1.427446435420224979e+00
-4.450768221262146329e-01
6.553114365393913898e-01
-1.242565738160471556e+00
-1.072526551736211031e+00
2.480393634876671138e-01
4.959000516111629064e-01
6.553642674306406346e-02
-1.080475195570138741e-01
-7.371972655710090638e-01
-4.598067408162820335e-01
-2.131428859692279798e-01
1.361503708802809243e+00
8.705311316023074397e-01
4.008303307946299299e-01
9.988419061537633370e-01
3.251675005421900688e-01
3.443383517033984931e-01
1.662840322179226060e+00
2.579217007552481178e-01
-2.067213249814540410e-01
1.056446297459340489e+00
-1.273550945988114691e+00
-3.135007460261073908e-01
-2.160187517496789389e-01
4.867955278259842866e-01
-2.566317002205655839e+00
-1.001815545947242203e+00
3.172816606132560224e-01
9.832999250062059993e-01
-2.685218758971156250e-01
-4.502025086036148815e-01
-5.070723453051670937e-01
7.458098291413559622e-01
7.935519866478882856e-01
8.517441310015668732e-01
-1.012114280310077330e+00
1.266610782114352851e+00
-4.996468582156533556e-01
-1.282700988712881740e+00
3.772733788605736605e-01
9.783783975425763835e-02
1.201312316375935385e+00
-1.369719884436513491e+00
8.250899764714301199e-01
-4.361481817002638844e-02
-2.141696958781317939e+00
-4.845757972366911970e-01
1.181288440338346124e+00
-1.734086873780142091e-01
9.630488467534185915e-02
-1.729864726900556260e+00
9.867251623450493669e-01
-4.060241534921830153e-01
3.787825820226874418e-01
1.445484568898001365e+00
1.899894547263284161e-01
5.459608658745835480e-02
-3.242889192359416084e-01
4.830837651615197403e-01
-1.299898662745117006e-01
8.412061771562510115e-01
-6.411774096864726324e-01
5.720668594815004893e-01
-1.366627524465839461e+00
3.897578042236573559e-01
2.502823012421445004e+00
1.766207659714000289e-01
-2.758243452997972689e-01
-4.506181218857877591e-01
3.064707304565179175e-02
-8.732692659200234908e-02
4.795268887146931780e-01
-1.221021262181877676e+00
-8.929817285734666099e-02
1.087844482786553435e+00
8.716986215750824329e-02
2.005462698323628168e-01
1.283707601258255115e+00
-7.332738709899818685e-01
2.076054519632557938e+00
-1.864031270789001105e-01
-5.280041579231815607e-01
-1.603050531615817786e-01
6.844248725369279640e-01
-1.801650522071880145e+00
-5.572397697604324074e-02
-7.892778938307937198e-01
1.028818863340435596e+00
1.221799927346254311e+00
-2.516721017011236960e-01
5.295519761980157503e-01
-1.882761709243825576e+00
6.430514549759839271e-01
4.510464842604862135e-01
-1.871167182801744822e-01
-6.907951616173575449e-01
1.286173076115108893e+00
1.752903072206089541e-01
1.103661889711436750e+00
3.989586453959995116e-01
-8.129211789767791796e-01
-2.724295530637209639e-01
-2.002876341617790823e-01
1.554316144359972451e+00
-1.903909592105543225e-01
7.457848219600970996e-01
-1.800132215842535466e+00
4.014296138871288611e-02
-6.927436719087830541e-01
1.308352662601960148e+00
1.188162516051441520e+00
1.081460854204126409e+00
-4.456441735043820684e-01
4.996971866125688999e-01
2.790856609724934767e+00
1.207270662814929230e+00
-8.797342742923406345e-01
-1.312122763536873515e+00
-1.345209309424134192e+00
-2.215600613338756464e+00
-3.190392860501859995e-01
1.001305417203084858e+00
-2.078623974710537947e+00
8.057938294986434491e-02
8.985654198077103194e-01
-1.968558854375081824e+00
-6.344856718180639232e-01
-1.532867468235604713e-01
-4.802805100201409938e-01
-4.931196895468806796e-01
7.017873448453495477e-01
-1.471728220518003505e-01
-1.037584911721664005e+00
7.952171762727913151e-01
-9.221872961869787000e-01
4.612514649084382447e-03
-9.493823312749559706e-01
-6.389447394140734815e-01
9.161272973444009038e-01
-1.672846742467318237e-01
-1.560397808930590990e+00
3.142542134865577985e-01
1.300386692717018511e-01
2.452822887743338620e-01
1.596142806764890842e+00
-3.358839925756186284e-01
4.436503080229996510e-01
4.621724760982341973e-01
1.567140668746153986e+00
-1.587939660911448003e+00
-2.096153576054121392e-01
-5.463867275182495709e-01
-9.015073466804582325e-02
-9.753486014067104248e-01
-2.699805186122969380e-01
7.909415036678759670e-01
-3.271086088938720549e-01
1.267729453994852040e+00
-5.183927189591438500e-01
4.128025647594733560e-01
1.513590910765093001e-01
3.300596821091775768e-01
-4.462239783192526454e-01
-6.718927493716391197e-01
5.878172227305757946e-01
5.124917419239792826e-01
1.384269333666362289e+00
-4.720126642244987236e-02
1.444153163473184565e+00
-4.305796313376589191e-01
1.019470965056630263e+00
-1.912520660977766462e-01
-8.602333540947282309e-01
-1.315647015283425869e+00
8.087915043110589508e-01
-3.945577156234746363e-01
-5.652642537832308633e-01
5.231505124830883036e-01
-4.272131471596352786e-02
1.442658255337082585e+00
-7.065830622269035910e-01
-1.807055696331049566e+00
-4.190578759823930799e-01
1.238969580850026064e+00
8.102846869188934376e-01
1.481778922255378106e+00
1.096541296153945133e+00
9.311169381256735322e-01
-7.881869929599526481e-01
-1.386294558849954672e+00
-1.018002530581234577e+00
4.587599641696570724e-02
-1.546786474512392928e+00
3.963759537644739317e-01
1.231225786570260716e+00
-2.136332177697481544e-02
7.229090836165275036e-01
-5.298898254142067055e-01
-3.659428247123603928e-01
-7.755527009158539320e-01
-8.583128587838161350e-01
-6.127650603388374861e-01
-1.141490587360917797e+00
3.530335546573967198e-01
6.094741400097533068e-01
-1.435473339395173742e+00
-2.512397430160495215e+00
-1.333313364583950111e+00
1.758414836124996550e-01
-5.868422430060025174e-01
1.021162193679271413e+00
-3.797903568016414710e-01
-7.983837662869694984e-01
-5.820759782749016509e-01
7.174928787194051472e-01
-6.498493765656212506e-01
-2.401446014760620987e-02
3.097507254137814581e-01
1.690177524472629977e-01
1.336450428133358903e+00
5.085459538043974881e-01
5.665608496585838871e-01
9.542434210802837324e-02
6.764255307828316299e-01
8.024532983479057968e-01
3.575594608806742514e-01
-3.819704604401268355e-01
1.378991017683101949e+00
4.097835698117009429e-01
7.286242142551048184e-01
-1.575290658292002544e+00
-1.347674639914310246e+00
1.543831040345281735e+00
1.825524579417781290e-01
-3.803323586087012931e-01
-1.103001241328694482e+00
6.739327307961373581e-01
-5.559344730100085341e-01
1.528300444135029856e+00
5.473623433682208717e-01
5.141021218647190416e-01
7.050001450911056455e-01
-1.154518556462364787e+00
5.634446689740446601e-01
4.317727131432453347e-01
3.311570333044330239e-01
-3.179233393570195521e-01
1.355243635192261875e+00
-8.232684097536703272e-01
9.939382389752442482e-01
1.615432232371416754e+00
9.703348715371703515e-01
2.300847296428892630e+00
-3.038267206534737697e-01
2.200385104308828499e+00
8.648564593607981354e-01
2.436217266774945323e+00
1.009018994905347411e+00
-8.522568819762333936e-01
-5.576027481980754263e-01
4.825969388618022715e-01
-1.233737120773073931e-01
1.071231601239108988e+00
-1.847753814723890997e+00
6.037247939660996821e-01
-3.368911435331749249e-02
-2.874620279629005459e-01
6.674791761116433131e-01
-3.414199967072498176e-01
2.605940455741612816e+00
-2.304690593995959880e+00
4.010696326554129276e-02
3.666129273346269701e-01
-6.147143079583575753e-01
-1.249036104905402400e+00
5.122282567564093725e-01
7.390640127048211383e-01
9.530172490603451563e-02
1.645592255161009987e-01
1.132021906443886339e+00
-9.185274217026417887e-02
1.162136116908414479e-01
1.703443634413342345e+00
-7.916661323398315186e-01
-1.210935566404634622e+00
-1.102345568545686438e+00
-1.269927445800465016e+00
-7.046207162204910501e-01
-2.706562943599598592e-01
-1.979195303712030229e+00
-1.144240586229131162e+00
-1.122511172034419857e+00
4.024753887345827730e-01
1.087200505442715626e+00
1.094953157837368352e+00
2.905146992413533691e-01
1.506956316523592743e-01
-1.188647508980116951e+00
6.048443100584922627e-01
-1.257094380346501117e+00
4.960823444722648468e-01
2.176400852569143340e-01
4.937295211992439592e-01
3.332810339100247127e-02
-1.190379883449814158e-01
-1.786433169172809698e+00
-1.400843612207040234e+00
-1.472488574764931890e+00
-2.193589192641237362e-01
-9.489273095186506746e-01
1.129662950320806658e+00
-6.295882014928008141e-01
-8.034719824372207331e-01
-1.851131253278428979e+00
9.971053128928832887e-01
-2.156003363606730616e+00
2.253441179204921596e+00
8.923608989124530433e-02
-3.877242406693950233e-02
7.741331057326087395e-01
-1.019994991471088186e+00
1.607848353754890880e+00
-7.044204039020910413e-01
1.058476150358816259e+00
1.101612644594648138e+00
1.149881491909149123e+00
-3.852130941944570397e-01
-3.402477170593064260e-02
2.014535776647037243e-02
-1.689656793950510938e+00
-1.659375816179653240e+00
-1.746039627398206839e+00
-8.546334479090882119e-02
2.912990477301920511e-01
5.289112241866429365e-01
-1.418194532151601406e+00
-1.760271500986167470e-01
-2.082239425948048950e-01
2.159176281426041233e-01
2.734835750108848273e-01
2.106686684293571865e+00
1.442968641470341096e+00
-3.163474289088712976e-01
2.603895788718727511e-01
7.477812949796843744e-01
-2.284954887471507823e-01
-1.466348449483045879e+00
6.541094853540418974e-01
-1.761250872474973583e+00
1.631539387530507756e+00
1.342706208579184546e+00
8.882108123128956700e-01
3.040017860101780767e-01
-1.374644399581699927e+00
-4.893428974326300973e-01
-1.880796482990193308e+00
-1.990596198208180734e-01
-6.980384288949980087e-01
-1.827617564996542932e+00
4.635617339723364094e-01
1.290744043918933270e+00
1.293694231348730073e+00
-4.681735354016241524e-01
2.720429575939548261e+00
-1.038485862155659412e+00
-1.267038977685368772e+00
-6.102862671810832529e-01
-1.445608973272964448e+00
2.349713794432861935e-01
-3.000054432398507331e-01
-1.698709869277377882e+00
-3.804492506713568201e-01
-1.880909168399318848e-02
6.351946631694761480e-01
-1.707485046521401095e+00
-1.445001847173540410e-01
2.767330313740382075e-01
1.239149989729982471e+00
