4.407200700387142733e-01
2.073717224838632078e-01
1.294710631911867749e+00
1.712716678642976165e+00
1.153926600342464193e+00
-2.238543466251236361e-02
-5.616407900588066271e-02
1.002640985558862358e-01
4.082699807642767853e-01
-8.725623760147438457e-01
-9.340160593708281001e-01
-8.309682643120462897e-01
3.628978620628775520e-01
6.066698593037006537e-01
-4.738117706400420126e-02
2.978416180431547877e-01
-7.840616676517442318e-01
1.571883490962153962e+00
-9.133107989159886531e-01
-5.661827922442349559e-01
1.291539476863969860e-01
-6.271677459723105086e-01
6.969558262742907295e-02
-1.116679154063972224e+00
-2.207086917268167858e-01
-2.008725963864988806e+00
-1.342880452669226399e+00
-1.107984800681855592e-01
-3.138246706584175982e-02
2.924335624911775344e+00
8.229137532436895386e-01
-2.760180634401009137e+00
-6.498508595964154200e-01
1.163419787094571722e+00
1.699142907095408384e-01
-1.395604809157357795e-01
-8.158760184989894970e-01
5.083766097282423901e-01
-8.287052412492157405e-01
8.281241744643033087e-01
-4.968645443252866500e-01
5.223799323025362096e-01
-7.405644729969569351e-01
1.388447861212016354e+00
1.731267393430151735e-01
3.590670723674014297e-01
4.802547610356376895e-01
-1.307785444197061331e+00
1.207914354551959502e+00
3.850421820764020620e-01
9.147743363246950699e-01
-1.288175340151070936e-02
-1.253259265343193762e+00
3.716077888330487911e-02
7.977344663076696429e-01
-1.374621585465867435e+00
-6.359206548161061567e-01
1.093340200788107230e+00
-1.529011088535247587e-01
1.078916751195704071e+00
-3.367440468709720913e-01
-3.759643909939052175e-01
-9.935845547996576821e-01
7.673680084366253373e-01
1.660448376248516489e+00
5.100316873247524585e-01
4.351665727448379428e-01
-2.057246583341368618e-01
1.850518178497553012e-01
3.064567413155324174e-02
4.005923023588849330e-01
-1.187757725786816460e-01
6.146913746931423894e-01
-3.615895321464833168e-01
-1.590293794378550229e+00
2.117188635232357008e+00
1.451327213403482252e+00
-2.021325598657301104e+00
-1.193135530297613656e+00
8.876675741448407653e-01
-1.053156879449473005e+00
2.734135552642451561e-01
-2.244252924469825494e+00
-1.795597338751159511e-01
-1.679588617088488389e+00
5.261217920076056709e-01
-1.203282603223369440e+00
-2.271671717690811332e-01
1.965910238989480474e+00
-1.141517851651560722e+00
4.628726816000954813e-01
-1.288200498306625974e+00
-5.564411306856825723e-01
-5.236565088758021735e-01
5.012215326759414946e-01
-2.542165802444197320e-01
-7.077529180496293648e-01
-4.261565502364935559e-02
3.181199070212408220e-01
-6.663984576389493375e-01
-7.096651375413787211e-01
-1.984250433237673972e-01
-5.880129907199547201e-01
1.978266588673626980e-01
8.918937797876279605e-01
-1.095418175176723130e+00
1.699952774975237224e+00
1.518091964176853104e+00
1.592396022333176786e+00
2.555022055712013462e-01
3.129049592607899277e-01
-1.771257795486482323e+00
4.255814111053646959e-02
4.143366254447336527e-01
3.987387590910852764e-02
-8.417849067835379007e-01
-9.144404919783667429e-01
-1.449496821100498822e+00
6.038193259403201729e-01
-1.882121552707081591e+00
7.039859124356229181e-01
-8.813538286707194302e-01
-8.358472715735988379e-01
1.547616743912970938e-01
-1.546480334886619401e+00
-1.547884159204299337e+00
-5.092432967680234901e-01
2.487216662816972013e-01
-8.963634077903581687e-01
3.139859122572379868e-01
1.359772671461586757e+00
-3.017227838793530292e-01
1.552616331042673492e+00
8.033773663650289887e-01
-2.023189058966001208e-01
-2.747601099094810762e-01
3.008195527726647556e-01
4.095954024555431006e-01
-9.374391954886300837e-01
-1.116731227052020881e+00
6.042127353492242614e-01
-2.196423524747110056e-01
-9.979715857347838670e-02
-6.318783319789439412e-01
2.838997297201689696e-01
3.761532317917070656e-01
9.546728077016529701e-01
-1.793357292236739120e+00
1.983517693159802642e+00
-1.683456772086436404e+00
1.790387783928716781e+00
5.117104965475024470e-01
-6.992665782829037280e-01
3.294648007108583188e-01
-3.215358553685387366e-01
-2.397369912438151313e-02
4.443721932566763178e-01
-1.804723550182138148e+00
1.070852000035047213e+00
-6.425232935419878944e-01
-2.108353044589635628e-01
-4.425593285859988901e-01
6.051322231743523350e-01
-4.969420727933005488e-01
8.320981024864957387e-01
6.116412478312089895e-01
2.419248672089414909e-02
-1.948428518230320428e-01
-1.230740380159969366e-01
1.131020900490183223e+00
-6.256610141260762203e-01
3.399088936118253579e-01
-1.219773553425273632e-01
5.611082003059937318e-01
1.391013448589821788e+00
1.429476538803191810e+00
2.043226194367691317e-01
-1.160806557313788012e+00
4.590398767737681185e-01
4.067333584584659212e-01
-2.567263280291881000e-01
4.794908452164521329e-01
-2.488774525051743597e-02
6.113030718500300775e-01
-8.878835241884793783e-01
-8.885828798969233056e-01
5.957725579539707023e-02
3.258821670831734685e-01
1.745128010598405277e+00
-7.400435227654669212e-01
-1.784333984849409305e+00
1.455771252510445146e+00
1.033626462935234303e+00
-6.598026406527613963e-01
1.927153579301398301e-01
1.449658500452781773e+00
8.209921988145726379e-01
-4.925198639310022219e-01
4.713284212363599290e-01
1.785893955678140355e+00
1.061999044871646758e+00
-3.789826460140888892e-02
-4.437130423887293285e-01
-1.405320018581334596e+00
4.955971378890018930e-01
1.602327131919399072e-01
-1.105488095196539428e-01
1.341756218318190363e+00
-8.626309633747958339e-01
1.650063268515250814e-01
6.372501472488415475e-01
4.133735728739956761e-01
-1.140110289494340234e+00
1.073614335480523652e+00
1.645087062309191772e-01
2.317901761066921695e-01
-9.645639420876694903e-01
-1.226110868574938229e+00
6.294401584107343073e-01
1.603862016308267080e+00
7.114054830325449164e-01
-1.471667710925153860e-01
6.765669103156900510e-01
1.108210294653746875e+00
3.941444585040378978e-01
-1.862220488174950173e-01
6.657840735222544382e-01
-9.355000674049087639e-01
3.359959772176894233e-01
-5.248791652835123056e-01
1.323074810938865697e+00
4.882363377903010671e-01
-1.805596737996182921e-01
-1.820461414624797492e+00
1.437846789947006432e+00
-3.006793154784209721e-01
1.003913283126117051e+00
-3.381960984313500673e-01
-2.552668478005706731e+00
6.448446777803688024e-01
-4.987753474585018276e-01
5.538439727717211492e-01
-1.563976873569127513e+00
9.865317219669724746e-01
-1.453024325410890549e+00
-6.561709399640057727e-01
-1.168441616298242058e+00
9.546589381887488068e-01
-1.469286958284504951e+00
1.134581144806470626e-01
-5.906949082899709547e-01
8.087648048730928796e-01
2.179134856849428648e+00
1.143932119056727759e+00
7.337386966881610517e-01
1.282043583038573742e-01
4.381046660404872006e-01
-1.394504675499532720e-01
-9.070369118692572785e-01
-1.296305823881962194e-01
2.067513501413625332e-01
1.275709082551425455e+00
6.069389341078523792e-01
4.259280678255257802e-01
8.857872417524866870e-01
7.409163819646309435e-01
-1.324257032780705501e+00
-1.248260715859242032e+00
-1.801330866135525399e-01
-1.673090043077862521e-01
-1.452050290575360170e-01
-2.404601475427901924e+00
1.606377087232135348e-01
-1.737817798157927252e+00
1.622797429669076141e-01
-1.530837795376934762e+00
7.595857060923765225e-01
-6.957210601235299663e-01
-9.909533442311977414e-01
1.353719562219328210e-01
-9.859411287459858286e-01
1.470611566782685342e+00
1.184571122587020575e+00
-3.217951479958986449e-01
-1.113590399921864815e+00
-1.430111246900462874e-01
-1.804187626164294622e+00
-3.515009438665336328e-01
1.844403556006373179e+00
9.485904670847179476e-01
5.649880924284158557e-01
3.233994197160246914e-02
2.838934113124038094e-01
-1.269644089490427064e+00
1.275886377293541596e+00
-9.278684144361095676e-01
2.003987228164204604e-01
-9.089210663784199618e-01
2.101785457684565372e+00
-1.189527957236725803e-01
-8.767211234431022959e-02
1.382568005266993971e+00
-1.120940353623982588e+00
2.002852606095533172e-01
-4.919174411408753361e-02
-1.271148369516908794e+00
-5.771788279075233952e-01
1.208247316491653844e+00
-1.777332940220784641e-01
-4.364263318747000908e-01
-6.610280914382410389e-01
1.686102136671708829e+00
9.525964799231523283e-02
1.814778593675961949e+00
1.728700188353920586e+00
-7.233788670972930435e-01
2.400779379024300386e+00
4.379382823607559372e-01
6.414271011752994411e-01
-3.923356121497409976e-01
4.313620993985286534e-01
1.806954470229616139e-01
-8.101080116543676879e-02
-6.903708362093724515e-01
-1.574565571974390954e+00
1.796836339863163046e+00
7.086496381532232380e-01
1.065999963248043914e+00
-1.338204770668518506e-01
5.990007798475419643e-01
1.138030483299483642e+00
4.884444999942121335e-01
2.261930887689429515e-01
-7.292931509130436973e-01
-1.148289207242097820e+00
6.839911141193609767e-01
3.760371682141828709e-01
-8.599829301327883702e-01
-5.588425801939395088e-02
1.561183109724297857e+00
5.983194975768475476e-01
4.504613602183689669e-01
3.546259400399595085e-01
-1.073983154263639772e+00
4.061768049738647135e-01
-1.447086918187976412e-01
-1.936848814648478800e+00
1.987820058009751367e+00
-4.155664505567114100e-03
1.400822596307642609e+00
-1.185461738905445143e-02
-2.969207097335401224e-01
-4.586426351036881899e-01
5.588797776675294773e-03
5.192254620719548575e-01
7.222657124712511534e-01
-1.832744721502044261e-01
1.252139962484795754e+00
-6.091240706371729985e-01
7.692530186803638037e-02
-2.930189780689264611e-01
-6.570284981163075910e-01
-1.583268696476689996e+00
1.725756288613294220e+00
-4.909246670046454319e-01
1.191698297701053066e+00
-5.480714374211888007e-01
-1.367383051611111622e+00
1.416346565078351771e+00
-1.389646811051841624e+00
3.103305304966669786e-01
2.612274966161916456e+00
3.696813434873828519e-01
2.687877459337268404e-01
7.902443311556331951e-01
-5.723718585329674591e-01
7.290843848208927724e-01
6.633606033511804112e-01
3.715294862860505920e-01
1.012346268958637330e+00
1.695304782518511466e+00
2.845840133423018226e-01
-8.931262699050914744e-01
-2.521340744339732431e+00
-2.164241812370774731e+00
5.014964705120744659e-01
2.630251013927280002e-01
5.419086270739474909e-01
-1.133918607507787696e-01
-2.289659881576662226e-01
-7.391933579270073551e-01
-1.192052921312376279e+00
1.335996662144313563e+00
-2.711828133103906802e-01
7.328839569401149889e-01
-9.701877688330436122e-02
-1.045884643985692808e+00
-1.902660055628757396e+00
-1.007507338163569299e+00
-1.263467741671780109e+00
3.270415900374859519e-02
-1.202203909897164164e-01
5.117874305595740969e-01
-1.763506198078955478e+00
2.896302176560607844e-01
8.522195484205524751e-01
-1.630272891270765800e+00
8.383920640841576732e-01
-3.404333525087034906e-01
8.237685052562928600e-01
2.916271767807606108e-01
-3.543817069542659626e-01
9.414932637091275591e-01
-6.966947143706532231e-01
7.101155013260078697e-01
7.365970621138621111e-01
4.569343206177188255e-01
-1.491479362220013316e+00
-7.165005895645436551e-01
1.481555859073666881e-01
-2.597138751539382007e+00
1.903401423673194204e+00
2.816100317716119794e-01
-4.970395822599691926e-01
1.901707242312349999e+00
-1.201904864506442294e+00
-5.137157764181895514e-01
-2.479595549520785536e+00
-6.087494017170642646e-01
-7.042477879931280382e-01
-1.016248138346646401e+00
-3.437977951317729430e-01
-8.150791550576140798e-01
1.225041559937797064e+00
-4.835305371933091290e-01
-1.679765229840390339e-01
4.520817817955841700e-01
-8.880180623128052231e-01
-1.448430400271150387e-01
-7.562566169965531104e-01
-1.478918462841509296e+00
-7.098076621823823373e-01
1.637735274042584344e+00
-1.447432300001074146e-01
8.018689634408117106e-01
-2.405945806855874225e-01
5.909818759975373759e-01
-1.039320584355619470e+00
-3.380035573396388826e-01
-8.180289157998206218e-01
1.497503122968255607e+00
-2.538591548109208063e+00
5.050722922961762285e-01
7.098982535915986380e-01
-3.425641721021450148e-01
-1.676661297107613358e+00
-7.512818390289263126e-01
6.646070126172308745e-01
3.557018342403033828e-01
-6.404501249852916356e-01
7.804068059455659956e-01
-1.708629449521632260e-01
7.366171567665318332e-01
-1.165272854510186029e+00
1.964070008020178282e+00
-8.128721627104128489e-01
8.529865910132947704e-01
-1.306132098237039685e+00
-1.402261207299385637e-01
-3.317379849157083005e-02
7.128460019787974389e-01
-5.797818464073678513e-01
1.044914793799928798e+00
-4.768065887642594647e-01
-3.009497480689517612e+00
-1.571437212679059670e+00
-1.164006180766946098e-02
1.951460749113309578e+00
1.194893774801628616e+00
-5.911621911016722297e-01
-2.838304110252122814e-01
-2.233381511226542326e-01
5.595516924851914320e-01
3.961244381953887839e-01
-1.008827542219816083e-02
-1.123591356761914684e+00
3.962054769495358397e-01
-1.506362523781976881e+00
-3.969827251438656779e-01
7.667536905988492357e-01
1.371624006825378217e+00
6.549002027209880339e-01
1.302214490102411970e+00
3.732017620979807271e-01
3.398140472975425680e-02
-5.949539455181926950e-01
7.424203621890945737e-01
-1.446686244694868284e+00
1.460222801491860789e+00
6.256042779450181612e-01
-6.124140306841305836e-01
-1.285031972189192961e+00
-6.384218184884284941e-01
-5.477794802118312045e-01
-8.413408312649758303e-01
-1.396710624447101923e+00
-1.214587436759280825e+00
-1.287675618661092036e+00
-9.089259320415292720e-01
1.735613342468124376e+00
-1.084406436920971828e+00
-6.418253634244101002e-01
1.204655252833281703e-01
-2.806839730828843305e+00
-1.219274782021273207e-01
5.423356872677539409e-01
-3.612400287138869404e-01
1.641020297823656326e+00
1.958817725899138912e-02
8.748629531157029460e-01
-1.738065234615056645e-02
-1.279229619130819007e+00
1.041565842933798169e-01
-2.905583285141691841e-01
-5.837112499250294295e-01
3.944685551320643579e-01
-7.573499284209558313e-01
4.871732803862815486e-01
-6.261292264451572276e-01
-1.718653135126101628e+00
3.127350652686967103e-01
-1.507926664340151490e-01
-1.796300251967519745e-01
9.338702622843489953e-01
2.296987067674900462e-01
-2.812494127367173857e-01
-1.099291490778263602e-01
6.686554771034661782e-01
1.651862622268752689e+00
1.529642682493874251e+00
1.437562775937116788e+00
-9.277938775751091161e-01
-2.038146155402478787e-01
-3.742556035818893068e-01
4.513946048555791263e-02
1.643790468733838106e-01
1.568263046891474444e+00
-7.673893302498764335e-01
-1.795245168660483323e-02
-3.270417979041881362e-01
-1.073537612429589505e-01
9.647040174472488738e-01
1.031916874408723928e+00
-3.337564370193346619e-02
8.655023569743789391e-01
1.162138206929378415e+00
-1.748443878793733086e+00
-3.335982552901474718e-01
7.626384199567490807e-01
-1.909907081357954839e+00
-1.189763865332625903e+00
-1.091441120521553731e+00
1.425090034804880279e+00
-5.511267509977888501e-01
-5.947889440694871244e-01
-8.349060719694360033e-01
-1.264679108854385392e+00
1.137403412373551026e+00
1.181827115107581205e+00
-1.641449450331746440e-01
-3.120643762455191927e-01
-5.127358300112523359e-01
1.301862474546350013e-01
5.485335379021074598e-01
-5.345059175177327981e-01
-7.802030022452575153e-01
2.202946335397912014e-01
-1.378431614545736483e-01
-1.316023288950569636e+00
-1.050314416229873205e+00
2.345738350938682437e+00
7.354557156384895489e-01
-1.028949770250565221e+00
1.849025754992311976e-01
-1.586819404102425501e+00
-2.927075381969348467e-01
-6.016123707059061188e-01
-5.028460051399740172e-01
8.931529025851080439e-01
-3.253597779378329946e-01
-8.403163141325303842e-01
6.723966253581344088e-02
-1.076072140430643476e+00
6.560263680542328668e-01
1.582943960323595523e+00
4.626244225717951464e-01
-5.034723916920909037e-01
1.475368808361566912e-02
6.947956300307091271e-02
3.813309828362213688e-02
-1.182419637059627382e+00
-6.634065476200294853e-01
-1.866076375415433655e-02
4.363117406145525234e-01
2.229205122229898917e-01
-4.842406563089548532e-01
3.516331567799214630e-01
-1.634085720372197015e-01
-2.983166901312647168e-01
4.031181564652154825e-01
1.036140508369647883e-01
9.624651480996613273e-01
-5.555378097986597430e-01
-1.161278976690560683e+00
1.077238483805586178e+00
-1.727607555968062147e+00
3.778093324884695264e-02
6.866220519868374561e-01
8.650401575174031521e-01
1.187505932716034440e+00
6.253376074933876261e-01
1.466160926703512279e+00
9.994881671941789891e-01
-4.772142936527770107e-01
4.340454106672775869e-01
-3.304934094617232532e+00
-5.324964814650813283e-01
1.908687255290911766e+00
7.139314483048077031e-01
1.945816508883318474e-01
-1.604586089716527830e+00
3.852300012536073459e-01
2.046800511176866788e+00
1.045162703982536634e+00
2.002281552111313534e-01
-1.828269866382784548e+00
6.955375199375412043e-01
-1.959628623867382680e-01
-5.585305244637389643e-01
1.237922590640229359e+00
6.171621729525474942e-01
-5.618101204305259166e-01
5.472100345757402451e-01
-6.214504200445957194e-01
-1.111719110624090234e+00
-8.053218004764106652e-01
-1.254342139102075482e+00
1.390463867194742464e+00
-5.111522842390376908e-01
-2.935105529735644869e-01
-2.059400658653426086e-01
-1.443320622766401273e+00
-3.012354579055376291e-01
-1.502751761615344739e+00
4.742888397360104924e-01
1.310624972020077550e+00
1.033394118221101943e+00
-2.117544157051027831e+00
1.439442321246826806e+00
-4.445724135517807596e-02
-1.678842331988586345e+00
1.039500052092942467e-01
-5.460762029089417657e-01
-1.031124986841199936e-01
8.773245812979125757e-01
9.271480432259431304e-01
8.710100471352277829e-02
5.236622037802528551e-01
-4.768395944154855959e-02
-3.135915086587106604e-01
1.738969481232418568e-01
1.652867723030473579e+00
-7.898928791290333110e-03
3.693389572778805752e-01
7.982319928423993183e-01
5.677046616967823534e-01
-1.486053828556483714e+00
1.196069612741948562e+00
-3.644598085520178721e-01
7.049309596306519987e-01
-1.544725914573574499e-01
-3.807768945540287997e-01
-1.235940333351715381e+00
9.055903018848677766e-01
-4.227305378892372012e-01
-2.369037658897495735e+00
-1.232413791636479461e+00
-1.985016669579803966e-02
-3.349264429572795798e-01
-6.485105997436051428e-01
9.812342407442434800e-01
9.346913916058153804e-01
2.358440742308957616e-01
-2.526779481529661808e-01
4.191293695113938456e-01
-2.672372769554741123e-01
-1.815891869051736940e+00
-1.651178769048746442e-01
1.513060668991476343e-01
5.949176688555112280e-01
-7.000567924015187460e-01
2.589065807066072700e-01
-2.202077924326190927e-01
-7.188108388252182346e-01
2.515631982640611497e-01
6.679262272003527734e-01
9.509353782847898007e-01
8.315513163773555760e-01
1.401254979569635850e+00
-6.727065953025475054e-01
-4.112471835522369390e-01
-1.204037044580053673e+00
7.916991580905535786e-01
-1.410127482355334472e-01
-9.971256207759868762e-01
4.392927205566458659e-01
6.783818739977470758e-01
-1.109739372013639480e+00
-5.397355497299036742e-01
7.953821836123519118e-01
-4.469167532710349722e-01
1.111109472424250733e+00
1.362248460760018709e+00
5.131050247325704694e-01
-6.670496434940408927e-03
-1.107132630589501954e+00
1.013577931794569009e+00
-1.375997968440374475e+00
4.978689641066317284e-01
-1.283821595800309412e+00
-5.945794962123318594e-01
1.025307576422650468e+00
-1.028812903059657391e-01
-7.292495494379099830e-01
-3.592304699194993067e-01
1.391140914109824323e+00
-1.546264581879092548e+00
-9.884683840190330306e-01
6.348520867337835716e-01
-3.512788583189555558e-01
5.690042596293600763e-01
-1.053997474664966516e+00
1.344288774880881165e+00
-5.846835093722152488e-01
1.479049775722665050e-01
1.012485498703332709e+00
-1.394808318181665618e-01
-1.645846238164207609e+00
-1.147024553897528998e+00
6.252471119374776454e-02
2.205477097425279087e+00
4.840726480552457467e-01
-1.293591794699239239e+00
5.677414928613448986e-01
-4.509433590418897020e-01
-6.076963365219504309e-01
3.355045169621833495e-02
-9.145366489118422759e-01
-2.078438607258644488e+00
2.838880976056705752e-01
1.067509768668017250e-01
1.489049008400187724e+00
6.962760751698807704e-01
-1.682821625659813303e-01
1.169680298339376368e+00
5.863848245703748296e-02
7.287993979503577524e-01
5.095998380386664861e-01
-1.369943423223729251e-01
1.393927484331852318e+00
-9.588651352070930445e-01
-3.928955931524970024e-01
-2.681326105198276188e-01
-4.331774401700934640e-01
-1.072274153133943031e+00
-1.112332340817780318e+00
1.120304661810864300e+00
-1.200130904063021253e+00
7.515839348524298025e-01
9.970103143636261933e-01
-1.075751463732874003e+00
2.367987714129292376e-01
8.406425979765700385e-01
-9.868660020960405843e-01
-2.146110356449554057e+00
-3.339183950638786036e-01
-7.240031189327126304e-01
3.781418024987702187e-01
-9.112563496008250219e-01
-1.581540606984951136e+00
2.308344674469708480e+00
-1.865511520229722053e-01
-1.999047346289211657e-01
5.105791988799840420e-01
4.354233262883920874e-01
-6.220231893550226543e-01
4.541525921264103482e-01
7.857092599315440573e-01
-9.863204087440667622e-02
3.285800824938991394e-01
3.915596125658171722e-01
1.480074032977966580e-01
-2.411847839053965492e-01
1.574176454095200517e-01
8.743889888685598688e-01
-1.052992257341742732e+00
7.712061716117529775e-01
1.127820777681717734e+00
-7.748661495286663925e-01
1.830503737375532181e+00
-1.296412297257048207e+00
5.147506375024651915e-01
-9.745180546748940520e-01
-1.445370954079559400e+00
-7.436230379276451696e-01
-6.355593664337807480e-01
6.653904514646192814e-01
-6.249063031760897502e-01
8.844702409622452466e-01
3.405644315692795687e-01
-5.234693665277315722e-01
5.598543503850305081e-01
4.994979729397623358e-01
-7.192716422429177303e-01
-3.969763374043967091e-02
-2.706511461017373499e-01
-7.733491763157186449e-01
6.208793982446003668e-01
-1.955212675312637982e+00
-6.781639676085252644e-01
1.617196954296240108e+00
1.014561506068319519e+00
5.792800468930264790e-02
2.110404922484004242e+00
-4.123631733375928143e-01
-4.966227942074671331e-01
-7.180635475833750947e-01
3.372601933108909655e-01
2.092407608119978002e-01
4.451525470965130293e-01
1.277515855371634146e+00
3.529929444740299016e-01
-3.812022188362074182e-01
-2.917398214668678325e-01
-1.162376791777557594e+00
-1.421489150691052972e+00
7.774380602296591114e-01
-9.402980092152617431e-01
4.832493576672852176e-01
8.647677929108790740e-02
1.424531299561669018e+00
2.080582780864927095e+00
-1.302036587729691774e+00
1.895699198269505947e+00
-8.942867537528524924e-01
1.818935531478224898e-01
-4.246379431519621828e-01
2.693462755362070402e-02
1.065734696507428136e+00
-8.201872439890182109e-01
-2.223896483729569662e-01
-2.078804882254391417e-01
-1.656506688478055073e-02
2.284675346224593895e+00
1.603926607019581230e+00
-4.004973025268795950e-02
1.068158990201280245e+00
2.028659000795247080e-01
-1.493166387477805834e+00
-1.568285840886979310e-01
8.067470933963702961e-01
-1.012769895794915498e-01
1.239978706810170195e+00
-3.343614257914245824e-01
-1.160913666033131175e+00
2.746215117595844357e-01
4.779769402433077241e-01
1.407246402318690581e+00
4.038989608702963641e-01
-6.162001797337921527e-01
-5.290781021681533608e-02
-5.702460744229614908e-01
-1.537283337845660069e+00
-1.423228495355944423e+00
8.377701752143620340e-01
-1.016969770157674924e-01
-4.335812525110048776e-01
-5.148393130430855003e-01
-3.450448598939709899e-01
-9.956270668977534877e-01
2.167061136116384679e-01
1.151037113568377901e+00
-2.639419824020941552e-01
-2.182407050356649059e+00
1.294739070944768144e+00
-5.923758379274911556e-01
1.175620241424279122e+00
-2.159998409920017792e+00
-1.027159559160519153e+00
1.494772350995896781e+00
8.656159769485182176e-01
-1.616903655981612564e+00
3.860247073322714464e-03
-3.095926961085160301e+00
1.765472288649799493e-01
-7.734131928331925421e-01
1.467955835380705176e+00
1.392433548587310443e-01
1.178876676264728335e-01
9.699787020902186363e-01
1.255442980549378307e+00
-1.444948085401691396e+00
-2.055402948733840163e-01
1.803970346797716395e+00
5.688243853773414793e-01
-1.419316300918847196e+00
2.671422878510584797e-01
-1.331465171754482757e+00
-2.337078382912040064e-01
-1.128774473554492452e+00
6.215785424609071574e-01
-5.202910341243025538e-01
-8.183917760368095706e-01
7.485667104607695022e-01
-1.694901664359029336e+00
-2.350279629211374788e-01
2.308972384832482239e-01
1.225189502504229894e-01
1.311661808383262295e+00
5.696407663912556041e-01
-8.555314664714421813e-01
1.241894215468999585e+00
-4.810901753416411131e-01
-6.262313245633269743e-01
-3.873723817140384829e-01
1.044968148523069962e+00
-3.139201853590940505e-01
-7.034345723379218374e-01
-7.262564272027358658e-01
1.039984670803523414e+00
1.456892681191256367e+00
3.695397808317064658e-01
1.669506598479189308e-01
2.032072026380140617e-01
1.931787282167453934e-01
1.155252214916822479e-01
-7.336374985674645188e-01
-2.805362196965122124e-01
2.618623797304250322e-01
7.181312352147648514e-01
-7.535328898276830722e-01
-9.113429815590999572e-02
-2.973428315442193437e+00
-1.346181840892414217e-01
1.700193359205452781e+00
-4.744150525665529194e-01
4.917340244151809370e-01
9.768805134576048765e-02
7.279605414379461958e-01
-2.110960530905371113e-01
2.323587777124486997e-01
-1.090544327514133105e+00
2.072531262693106058e+00
6.065313210033665969e-01
4.235346442223122398e-01
-9.040220627697730382e-01
3.528156004489400588e-01
1.483672649172231184e+00
8.275514903793276256e-01
-5.136021430119519504e-01
1.008585894309332209e+00
-7.158478314523394337e-01
-1.482143702063822566e-01
-2.514113776109766496e-01
-1.266677184493066433e+00
-6.273675163023763046e-01
6.453063267270701432e-03
-1.863646535661924730e+00
8.731319214944481544e-02
6.725117500647160851e-01
-1.569192307716721080e-01
-2.050105205176965817e-01
1.600892082988383813e-01
1.630498757808749588e-01
1.783100809646277263e+00
-8.803722608129636862e-02
-7.419000845446704906e-01
2.895118219029241824e-01
-1.222236916273873097e+00
-2.328945546319673432e-01
1.223863331798761944e+00
-1.327405019245742501e+00
8.929423915881027352e-01
7.538588844330745831e-01
-1.981793523319283823e+00
-9.994987484312524151e-01
-6.295021996419546406e-01
-3.827242128428797741e-01
1.410122443392858860e-01
-8.650801721726179006e-01
