1.120970637290189087e+00
-1.162471402988042524e+00
-5.513209623254612390e-01
2.173613207698808780e-02
6.974282681490294455e-02
-4.147523464391700276e-01
2.221417459459543442e-01
1.040181498963320461e+00
2.041148806012879902e-01
-3.413441848092793052e-01
-9.096307572359206839e-01
-4.551059864080655992e-02
8.906047263499708433e-02
-4.213368530464918493e-02
1.563522294443083105e+00
-2.596963823412976602e-01
-7.855938611930527449e-01
-1.448631873881950187e-02
5.302148260709366179e-01
-1.515033708387044209e+00
2.581360981169520397e-01
1.114759394983224849e+00
-6.011295843554715912e-01
-6.040914091813268105e-02
2.995811087532826433e-01
7.338010317493708357e-01
1.388825345558214019e+00
6.097910790396673386e-01
1.264342396321334494e+00
-6.014101727177023626e-01
-1.853603632420265657e-01
1.983037889477476390e-01
-1.229323852068121115e+00
7.360292343388321612e-01
-7.755722988527132822e-01
-8.562671734437076188e-01
1.677675396589418666e+00
1.878270290698489831e+00
-7.146299181710574766e-01
-1.385953017481895477e+00
-7.650998826876729275e-01
1.436850769562264762e+00
-7.153304907550859237e-01
-6.710612803299659257e-01
1.148319625839033242e-01
-1.020154913358564952e-01
1.091942792812504948e+00
6.760329726436686837e-01
-6.723058921384855724e-01
-9.167001142667706437e-02
1.613157050519573588e+00
9.383263286540619585e-01
-1.743094209283602369e+00
-2.516492446699403196e-02
4.648987250967925311e-01
1.117559169050353240e+00
7.735218159868189058e-01
8.765996455360508532e-01
-7.875796419986456076e-01
5.769509971124552328e-01
-1.205060982973688244e+00
1.598977892644432020e+00
4.437954789415091139e-01
-7.860054064525375805e-01
2.575543247892539966e-01
1.054116122186252946e+00
2.354121458252436128e+00
2.294403915212540390e+00
-6.897162744622770125e-01
1.119267102849500484e+00
-2.473897007456435371e-01
-9.017505321652119488e-01
-1.317163816841085300e+00
-9.490478616754708385e-01
1.856704809877725848e-01
-1.711613272155824372e+00
3.939150845339798312e-01
-6.859808722942208059e-02
-4.593866060208265378e-02
-1.150147821539888371e+00
9.779949131375639260e-01
3.748407400982237125e-01
-2.925171155058516437e+00
3.610569898263375488e-01
-1.402490794348535630e+00
4.415113823358036704e-01
1.501648769565610664e+00
-7.342100777795327327e-01
4.425876350037978857e-01
-3.822023924634789793e-01
2.547747189178949601e+00
-1.717569976273416232e+00
-1.892106076679942739e-01
1.503205292036728924e-01
2.596653625746014438e+00
7.350449593208069343e-01
2.347833756242747039e-01
2.412554413589211411e+00
8.653952388770645987e-01
1.177030208695762470e+00
1.725804567021355651e-01
1.362074272804602693e+00
-1.286262540271430499e+00
-1.213290295520296880e+00
-1.392211387286895308e+00
-1.355057327137823453e+00
4.174559533695032520e-01
-3.221589400427590233e-01
2.168089567275968577e+00
2.986372499321278129e-01
7.767847269206413774e-01
1.170377359893995273e+00
-9.221781128641851621e-01
-1.377423641680903810e-01
1.582716440902669275e+00
1.731191182601475642e+00
6.236389878549097876e-02
1.365968511714196199e+00
-8.097500682995572019e-01
9.046497562634647771e-01
-9.602240570149600529e-01
6.220010180995401150e-01
4.695353128364244261e-02
1.735573697963071205e-01
-1.788219089956323504e+00
1.102062408064714782e+00
-3.468892392806998681e-01
8.335307796928540514e-01
3.913125889896426624e-01
3.785416740002734981e-01
2.709621378513929368e+00
5.030881882892418444e-01
5.727332267648260755e-01
4.105642131231703740e-01
-5.165615219933763491e-01
1.006975865291491884e-01
-6.519909907867678101e-01
7.379337182752492286e-01
-1.205246732293858702e-01
-8.423761525948943174e-02
-2.724373227562925659e-01
-3.126387219656075467e-01
-3.392994126611264538e-01
5.887937479839338017e-01
1.820700714722929492e+00
-6.011168074130707195e-01
7.807790003678941604e-01
-6.725754202094202938e-01
-8.748187998781904451e-01
7.543188229716593085e-01
-3.575469267737525492e-01
1.372902833752241536e+00
-1.535526151653057614e+00
1.053798803294275777e+00
-2.060129459031715626e+00
1.926523946456099867e-01
-4.328152836337935683e-01
-1.357174541419098324e+00
1.229799395241768067e+00
-1.922227609758567546e+00
-9.705833373429006983e-01
1.077834151226896076e+00
1.042326199126022424e+00
-3.663449938806305206e-01
4.935676338775032979e-01
4.178166741725155009e-01
-7.751071001135838578e-01
1.080854335744735051e-01
-1.508843983056786353e+00
1.743801055376561937e+00
1.571667953660876305e-01
-1.617162879383706287e+00
1.253636268063034409e+00
-5.091394074827532146e-01
1.041966015111580046e-01
-9.217624126181148680e-01
-8.057423704373440909e-01
-1.292162320414776522e+00
-9.399329108647100361e-02
6.281182844578462321e-01
-3.385328032307983737e-01
1.331458483701638995e+00
-1.764655571144058133e-01
1.449007773314474334e-01
-9.068300343834821697e-02
-2.627193891259452130e+00
-1.664540931880254815e-01
7.284501669631784360e-01
1.921558064168265467e+00
-5.881233006611406022e-01
4.082616952547072908e-01
-8.765322118486584824e-02
-9.039761743243770464e-01
4.678032555068133980e-01
4.939222100741822441e-01
-5.494990615475927598e-01
-2.395678482466180315e-01
-1.031753694439337510e+00
-1.962691299769928621e+00
1.380450118738824061e-01
-9.508049504946682884e-01
-9.436340925663949664e-01
1.528175021985141990e+00
1.344261798065623736e+00
1.766002014321597535e+00
1.186377952880215858e+00
-9.451943821803364676e-01
-1.095436274127663978e+00
-6.848179662407685164e-01
4.890120527217360347e-01
2.951381310979703243e-01
-2.093809149277395587e+00
-4.769238044490885509e-01
7.813420039520641014e-01
-1.122154425853161275e+00
-9.516897091298736067e-01
-4.402156458339080702e-02
7.063508380152946353e-01
-4.517056083921619503e-01
-8.882922224542904033e-01
5.904864292408762427e-01
6.423716988595217225e-01
-1.010081904720881302e-01
-3.169978393565650587e-01
6.105308701482448086e-01
1.652962768190821274e-01
-3.477639003950700469e-01
-1.692061072849898373e+00
-3.101600332168916174e-01
7.636945551263303322e-01
-1.276408150889983606e+00
8.222281479411774896e-01
7.031677226229934297e-01
3.291917720564953687e+00
5.868612469010474619e-01
8.959045538111302109e-01
-6.452953768459586403e-02
1.492640744806617292e-01
-1.356545968551243542e+00
7.686629461220078063e-01
5.399423574636572631e-01
6.934208859935526714e-01
3.821164741863736780e-01
-8.124100610045948967e-01
7.388535733359968827e-01
2.517196605021059241e-01
5.586538460404508744e-01
8.202309383465985482e-01
8.324249164868964268e-01
-9.328146214775456802e-01
-4.717828443489750501e-01
-6.306257192007426182e-01
2.098024947089746628e-01
2.662344732909809886e-01
-1.514311309599925826e-01
2.533069792096679373e-01
-1.030259478519883087e+00
-1.392091090797571429e+00
8.133476144267096641e-01
-1.435661813357240080e+00
-1.604485046256520109e+00
4.670022158720506522e-01
9.586331256311297899e-01
-7.417949975933263440e-01
-4.224661324656802108e-01
1.924342175192916837e+00
-2.240407301759921754e+00
-9.580965135518987319e-01
8.378960080537972699e-01
-9.552284185763776359e-01
6.450833680926898461e-01
-6.331638337960980856e-01
-1.368919665368053318e+00
-1.414698030860776612e+00
5.762047897543896013e-01
8.108142412817129774e-01
-1.257270970673404764e-01
8.313490413554316394e-01
1.624602382073293994e+00
-2.621975021031545339e+00
-9.076914488510171575e-01
2.103435551248944990e-01
-1.068155290197212892e+00
1.268389318493130746e+00
-4.493114528501927496e-01
-7.513029282167950074e-01
3.806131748961800176e-01
-6.845859598369450350e-01
-1.588784040505308193e+00
-6.771431715032457666e-01
-4.792976745275812078e-01
6.709133064238943511e-01
-3.056685870045210418e+00
1.412215300353021341e+00
2.095495272493255040e-02
4.512287058833929221e-01
-1.435028054718720636e+00
1.633085798521638710e+00
7.719016035402054277e-01
-9.036962189393175082e-01
-1.221982242527141604e+00
-2.138373350392644701e-01
-6.735258486764491570e-01
-2.571465721263011428e+00
-8.615038848624649859e-01
-5.317100206460689815e-01
-6.381742103411742750e-01
-4.884629394861033092e-01
2.449430961925487260e+00
-5.015858149747075556e-01
-5.196191396160486364e-02
-5.271356976844426140e-03
1.371091283468772459e-01
7.411214267800578792e-01
-1.354488644385742457e+00
8.553390564453152711e-01
-5.054120723740208598e-01
1.317921992415587162e+00
1.611999526213111267e+00
1.205665881070280498e+00
-1.040097165367177112e+00
3.502153028427790193e-02
6.788048169183046043e-02
2.280023393226215056e+00
1.560427208880019512e+00
-7.399405696828610379e-01
-7.243381438829084307e-02
-4.577202601286103900e-01
7.419101878569542841e-01
-2.264148752018876332e-01
-4.387618818719186686e-01
2.565785247732459418e+00
-8.003059267494012641e-01
-1.088415498083453281e+00
9.149663510800278843e-01
1.156715485559691059e+00
1.100201773649556625e+00
-2.520129940399227220e-01
-8.960455993879948844e-01
8.684841914058377688e-01
4.143535390825659470e-01
1.813515731861033764e+00
-1.241826560348389785e+00
-2.231291340242970711e-01
5.225387718550313920e-01
1.024143009670277271e+00
5.625153973645059535e-01
-1.697638949830621913e+00
-1.369719060392331711e+00
-1.563249917337064809e-01
2.717191897633778108e+00
1.121989813413519110e+00
1.642990205506198939e-02
-1.285372251464905302e+00
2.098839971627980194e+00
-1.915639142236758297e-01
8.633590205143602814e-02
1.707172186971715189e-01
-8.707700189500858778e-01
2.125077967092680806e-02
1.737592841338060579e+00
-3.887603140958925119e-01
-1.373293125044498630e+00
-6.587660172752706211e-01
-1.186619967978026935e+00
1.626903475129686694e+00
-1.261580950116322208e+00
8.189951940535781238e-01
-1.333900270268066457e+00
5.578603393677646904e-01
1.547953743002018268e+00
-7.786577087076793635e-01
2.696698831166106092e-01
2.296457701943698915e+00
-1.023881190714010625e+00
5.535565724151472189e-01
8.056894575576446504e-01
8.007509598477084989e-01
7.545974912527163569e-01
8.510286639402016295e-02
-2.772067045789488593e-01
5.170244945082294041e-01
1.675860760701557872e+00
1.520198190907658509e+00
1.672953159076607133e+00
-2.698731726031209810e+00
7.299700596474612002e-01
1.169740770475804714e+00
-1.479650083764269874e+00
4.877363257587900569e-01
4.669280208254116687e-02
3.696382778691140181e-02
6.329393375065898164e-01
9.196844640209813626e-01
3.757825794002790376e-01
7.396870632705780935e-01
-3.955976174570804971e-02
-2.821576561266329608e-01
1.100170705895742174e+00
-9.033064794354289662e-02
-1.566024845562393741e-01
9.901222230065114260e-01
5.953354609508364481e-01
-6.619516390253240568e-01
-3.876082598898751286e-01
2.285714529088889446e-01
-3.807226001923346703e-01
1.798608722679939875e+00
-3.164155754836209811e-01
3.304187547106074985e-01
7.705420215807926576e-01
1.439765735274483927e+00
-1.002904625498131974e+00
-7.859113202786784935e-01
-6.377211210298635580e-01
4.761363951873713307e-01
-9.875353767513561642e-01
-1.290869888405506760e+00
2.941727969500538414e-02
-2.175885031042269713e+00
1.061171046385782857e+00
-2.717648960471357733e-01
-9.512336978854695202e-01
-2.676388724917720952e-01
-5.147711229488144413e-01
-1.389842152828441035e+00
-6.377156356880214760e-02
-7.823422375000850248e-01
1.394757928989950546e+00
1.484113425561759625e+00
9.161852524543866449e-01
8.687578701265040448e-02
-3.774569984158093194e-01
3.184811164444613096e-01
-9.982341853265584986e-01
7.769600934537260750e-01
1.508333173351598777e+00
-1.349475697894871429e+00
-6.916209507693977798e-01
5.895793787578714751e-01
7.996407571463368669e-01
-6.204444589419457756e-01
2.806803607867767614e+00
-2.781688985473583786e-01
2.768686812877528824e-01
-8.720358985784463224e-01
1.181835702965141177e+00
5.487508495387939389e-01
-8.994109573050239614e-01
5.412767232302507781e-01
7.075872457329443477e-02
1.064865869204732141e+00
-6.325928630956797472e-01
8.413334548496652632e-01
-6.787273930188404414e-01
-8.557450877300208925e-01
-8.298485633374335091e-01
-1.106954959564013130e+00
-1.006181825899397086e+00
-5.703088134412791221e-02
1.921536170039140901e+00
-5.244602939857784252e-01
-5.080470606789901922e-01
-1.040459646847015085e-01
1.062307598637511896e+00
-3.027729531136432173e-01
1.444315238098043741e+00
1.372552250499852189e+00
-6.568194269238019078e-01
-1.355985689466273403e+00
9.224492201006450065e-01
-1.267109012863998796e+00
-5.570575753416956433e-01
-4.195269085708591694e-02
-5.571841640339221247e-01
-5.114650154137388993e-01
1.422889729698007866e+00
-6.760750418302093889e-01
1.136086008396737679e+00
-1.322836026306134505e-01
-5.113152629956483342e-01
8.850596342219206880e-01
-3.280387941957524922e-01
-1.251299737272334733e-01
1.681580300211551193e-01
-2.889862537789926744e-01
2.101700962212230406e-01
5.765410928974840088e-01
1.021628149941769515e-04
-4.781087917361541706e-01
4.693468774379459529e-01
5.038558183399323154e-01
-1.431851606997901760e-01
-5.142145456120798125e-02
1.808357317682105947e+00
-2.275189071014119546e-01
-2.752175473260662364e-01
-6.513356984282621109e-01
-7.303331183035338681e-01
2.226486893612331208e+00
1.224377972958904603e+00
6.287095194994275493e-01
-2.296036206378857525e+00
1.966890876028362378e-01
-6.580732999399172556e-01
1.824986711013934615e+00
7.243003823477079939e-01
4.288918952705327026e-02
-1.461764703068139104e+00
-7.239860229561785321e-01
-4.228391958562053299e-01
6.029300472396135202e-01
-2.496240901409870094e+00
1.100725962951631054e+00
7.409310293754108392e-03
-5.584819269000765307e-02
-1.118871431803050820e+00
-9.038956206663993909e-01
2.287235564281688838e+00
3.316944521630306730e-01
-3.721815564342548233e-01
3.767851292407780051e-01
5.053310258542730304e-01
-7.013955124468609359e-01
-1.294214183676379193e+00
8.317565984827697267e-01
7.078494132152621798e-01
-4.395276477694443629e-01
1.371489618298449509e+00
-1.096131310776874868e+00
7.544180650798270049e-01
5.138072289364405965e-01
8.050806796209998284e-01
1.889539605283213852e+00
2.082627754781324114e+00
9.831718852249083929e-01
5.467563259067036441e-01
1.623809404843516990e+00
8.300524934969790714e-01
-2.853157688462021335e-01
2.503608484145103952e-01
-1.536032700888471936e-01
9.893622966036375033e-01
6.439199751047141040e-01
7.503740813354653483e-01
-4.723576304628851474e-02
1.904711239037857107e+00
-9.949435581941278028e-02
6.532894914340421355e-01
5.589613558221707690e-01
-3.506219222937784208e-01
1.016867205898794202e+00
5.108423765396384875e-01
4.039966122029962081e-01
-2.814110862765539789e-01
-6.546623523564825131e-01
-1.597941504926701617e+00
3.421921608014369953e-01
9.325476764750493253e-01
-3.496883897744771375e-01
6.623581148218953274e-01
-3.412710154457433004e-02
-1.004727252007854288e+00
7.346290487143583015e-01
-7.199976031638923857e-01
1.114164919472101056e+00
7.265601015283934538e-01
-6.881423212551013302e-01
6.354972755374437288e-01
-3.788180355630582641e-02
2.379356819484158336e+00
1.054695698545036864e+00
-1.541629006464021234e+00
-1.381190279546212984e+00
1.222938923209894391e+00
-1.162566050843190091e+00
-1.432243793938152487e+00
4.515017262041101098e-01
1.661668691685706856e+00
1.001551144942630645e+00
8.950066857284415534e-01
3.107663983712588562e-01
8.299260676988626795e-01
-6.160552871512876838e-02
9.729928971548129635e-01
1.011710194459259027e+00
-1.097442306766946707e-01
1.179195281460913430e-01
-8.397195694586629955e-01
7.150799312681871411e-01
-1.083210825253825726e+00
-5.071103061135673329e-01
1.165541939853907527e+00
-2.560804285767960820e-01
3.247302484713718851e-01
2.346417263040593282e-01
5.087399552687784654e-01
5.551567333779529045e-01
9.880438741016404069e-01
-5.510434114247023674e-01
-3.162734629198268865e-02
4.871596170256000669e-01
-1.282405235356620210e+00
1.162042844647427575e+00
8.018697374318070059e-01
3.745124886184684199e-01
-1.574409915955387262e+00
-7.879881372181908317e-01
2.264790613306447986e-01
2.541408757550737141e-01
-8.059298020305972754e-01
2.394894797544550313e-01
-5.561392056328811062e-01
4.392907025976441338e-01
-1.210653396357229905e+00
5.181592832843312513e-01
9.998651006099530392e-01
7.809866260782061254e-01
-9.191089907814050664e-01
-3.114698173189387465e-01
-2.243777287073306148e+00
8.571620706136324763e-01
5.318090452172915539e-01
4.612441462206809950e-01
5.321389041500548256e-01
-3.116818550710311442e+00
-1.203187598072215092e+00
-3.940938273762896460e-02
9.196189900294448050e-01
-4.162187222616560087e-03
1.426500270358809885e+00
3.263586999737898009e-01
-1.077961548314130713e+00
1.005271003820500386e+00
5.504621471581481185e-01
-1.366503760964945968e+00
1.629259756925898639e+00
-2.444169642464450454e-01
-7.671686534915279632e-01
5.624416083178220838e-01
-7.802807136172782432e-01
-1.095211632717237871e+00
-3.453830851992540918e-01
1.152660050576667983e+00
4.040623457203365576e-01
3.512844199413222013e-01
1.516296545347087799e-01
1.211605559183286829e+00
6.304147579125541911e-01
-2.302407526610373290e-01
1.061299414444943023e+00
-6.550066084665331356e-01
-4.685865138892974374e-02
8.197608026687267513e-01
-1.246075451977506798e+00
-7.489637416117119750e-01
-1.127393879281536559e+00
-2.934729859680387798e-01
4.530326409294472834e-01
-1.258413229252199228e+00
5.586640570895786695e-01
1.500432581647610508e-01
-5.292065839592520193e-01
-1.086169473305780286e+00
9.744674731630012521e-02
7.436472749809954763e-01
-2.397233075459363483e-01
1.012332393197165059e+00
6.377533560031697357e-01
2.683997903502292615e-01
-1.841885512393205693e-01
3.222523299233777672e-01
2.140777152721752064e+00
-2.478497553302227707e-01
9.543899736867909045e-01
-1.506553832716669150e-01
2.482038344652714723e-01
1.044451872872216747e+00
-6.251012148706167060e-02
1.419111748521254768e+00
-3.359213260485301444e-01
-6.648945015031827721e-02
-2.855999203269544484e+00
1.453601235126782409e+00
9.282035143091806884e-01
-2.299612474567928277e+00
4.052654312541734138e-01
5.184114827441054230e-01
6.591960961009641906e-01
-1.574751278345227101e+00
-3.468492705599748316e-01
6.809242249749777320e-01
-6.380327559959313444e-01
6.749090563104171991e-01
9.430306800785398513e-01
-9.211201754208629966e-01
1.270478288577014725e+00
1.544802604504036170e+00
1.583710631231254995e+00
7.837779535020368282e-01
-1.778124966300042464e+00
4.160467584375142081e-01
-8.611750350368876372e-01
-1.965760348083426701e+00
-1.385264422208245527e+00
1.164409775258893998e+00
-7.556034129933022481e-01
-3.536099644053904978e-01
-4.310397034483580692e-01
3.922655512585778714e-01
4.266120133450299612e-01
2.524309804686505898e-01
-2.038487968259392158e+00
-1.583320957854496669e+00
-3.456096751743302220e-01
-1.103286265721985959e+00
1.641209414493922880e+00
-1.473023737441074565e-01
1.143969031247693280e-01
2.492603024083546615e+00
-1.135561300255053974e+00
5.785191995365660533e-01
-1.458919826419228905e+00
-7.280103161938863421e-01
1.117838454455100550e+00
4.281429853116743289e-01
-3.441866895314531494e-01
-3.761251722669826936e-02
-4.756475483895137857e-01
4.174464317310797590e-01
1.452882903589693075e+00
-1.119151137821064790e+00
-5.024212472414314457e-01
9.652626167368145715e-01
1.413252183723610056e+00
-1.404701078382687429e+00
-5.730920827638351644e-01
-1.832139031878629698e+00
1.400940478612396012e+00
6.256087690268582469e-01
1.612101080898216410e-01
-1.630747403159610309e+00
-1.285993454746975129e+00
-2.704622345514575699e-01
-3.661836802625138554e-01
-1.019973630098510442e-01
2.579882897898930327e+00
7.965116013455073585e-01
6.744892112277772744e-01
8.754395800669142469e-01
5.218331380658634000e-01
3.934451453410665045e-01
-6.287518725157079658e-01
8.337876652780142894e-01
1.209981067098597984e+00
7.575741014721554256e-01
-3.665610516215191406e-01
8.263414472982099079e-01
5.515178459817579038e-01
1.678974129623791167e-01
-1.014746676514160173e+00
4.283109628808664526e-01
-4.633734903000873429e-01
1.373850721998946200e+00
-2.910598626309014447e-01
-1.247137415161860607e+00
-9.183566407345619131e-01
-3.656051085610451112e-01
4.034988308404670598e-01
1.653241377028377812e+00
-5.043796846429954295e-01
4.139625556950027874e-01
-1.099379319976272695e+00
2.276490917606735831e+00
-2.092116601302015155e+00
1.724007291731947555e+00
1.230619258821320727e+00
-2.370569650945924867e+00
1.023642216142661043e+00
-1.029443603388369710e-01
-1.976901903376291902e-01
-1.174757833558707665e+00
-1.328330159795794607e+00
1.213480700986355743e+00
-4.365582230966752464e-01
8.716166012935752105e-01
1.370034759367036781e+00
2.719962685011185211e-01
9.072675004925607745e-01
-9.864384994527096440e-02
-1.538982659047275714e+00
9.114710274447509475e-01
1.311160370430943245e-01
-3.157538090821876420e-01
1.316439202265228703e+00
6.165752420924899280e-01
-1.028753763397112775e-01
-1.037539201002288802e+00
-1.361378993077789756e+00
-3.466467565713772792e-01
6.037522737330863754e-01
-6.095989757798961906e-01
3.951913215641020922e-04
1.769819184273234480e+00
7.543413169602704305e-02
1.968939641339363320e-02
-3.200079242615553876e-01
-2.893781343856218768e-01
1.130657137619692110e+00
-5.122321157151872584e-02
5.499303226516408794e-01
-1.378140970353344041e+00
-1.213691500088488473e+00
1.516534125833743030e+00
-6.146788132384292114e-01
-2.097763677836549379e-01
-5.641070556750533288e-02
1.076216737191905359e+00
2.447138803483193403e-01
-1.367065902134244837e+00
-1.395257608431048346e-01
-1.250493348626328993e+00
1.559979131026003329e-01
2.862844130632072881e-01
-1.917751476454188531e+00
-1.577798980610786370e-02
3.210907710189016551e-01
-1.891694817673294393e+00
-7.318588968994035326e-01
1.121888722557828233e+00
-6.754503672076519472e-01
-4.135007183700866173e-01
-5.906416956776880389e-02
-1.850288078724050989e+00
-1.427132878002651095e+00
1.459311566529030824e+00
-3.974354378224694284e-01
-2.718550004144810184e-01
1.598414278858320201e-02
1.636267091190456435e+00
1.318566675356613871e+00
4.592313465077397239e-01
9.390522652776830403e-01
-1.161833701266484775e+00
-8.152585312159311703e-01
-1.281101134941280861e+00
6.504448120323426119e-01
1.253578770039464496e+00
9.599838306474842708e-01
9.057236998092544900e-01
8.172061117589567436e-01
-2.421215156922297496e+00
-3.803239118947065456e-01
8.219692756576391091e-01
-5.124663350255499461e-01
-4.172794194134424872e-01
-3.826072863477080754e-01
-1.328165824301166920e+00
1.029073714935725192e+00
1.571638534656538966e-01
5.068530487556582864e-01
1.668902099828842411e+00
-1.183072806870536509e+00
-4.735194964497307923e-01
1.219940909387490224e+00
1.963979341525947220e+00
-9.166012648833073984e-01
-3.072441892022947374e-01
9.237601042872960466e-01
-1.308381089690750440e-02
5.357961484291342558e-01
-1.200341287451869299e+00
8.983056690071181682e-01
3.678249289242099263e-01
5.454672258129908968e-01
-7.781188963130107883e-01
-1.475274274501404415e-01
-6.715356164053075672e-01
-9.262626416203693092e-01
-2.629540019077744595e-01
4.459451109097756216e-01
-2.778790481107379584e+00
1.982655959867522799e-02
4.186382789807683857e-01
-7.607517853724911072e-01
-7.581958738065596171e-01
-3.509300644323073426e-01
9.752486857372723028e-01
-1.155172851229604225e+00
-6.339619143442370985e-01
-8.531762439460706116e-01
4.776951885215844351e-01
-8.440981573159430651e-01
7.244144028185999229e-01
1.947604918673374153e+00
1.814254192668626642e+00
-3.368950615216739219e-01
1.641865889069930917e+00
-1.124713175735723714e-01
3.072264749469936010e-02
3.079272627402985379e-02
-6.659446244930785630e-01
1.073147213034362002e+00
-1.936564694896600880e+00
-1.194998201720805620e+00
7.476618283913731844e-01
-6.985943103898240025e-01
1.101615392298935348e+00
7.344324144653623376e-01
4.986255324065454464e-01
-1.266551914566096837e+00
1.531132833278298078e-01
-7.179786872080659021e-01
9.259980916355429192e-01
1.766629942872087966e+00
1.130542638700416935e+00
-4.279223475685680483e-02
-4.967107373837626461e-01
-3.204696829332810415e-01
2.194186040462656084e+00
-9.385864534618002519e-01
-1.300500260024621157e+00
-5.337494813809011696e-01
-7.311752016159440704e-01
8.328376459014893429e-01
2.770271288229985807e+00
-8.806946502608160587e-01
-1.196931094528369544e+00
-6.349990894236562378e-01
-9.712799883598891570e-01
5.092476450379646025e-01
-2.363882417269879688e-01
1.768215741447301259e-01
3.203409872591222451e-01
1.936371187096497914e+00
7.128839819238925735e-01
9.627513107202239073e-01
-1.074972850073584230e+00
6.191036986178235502e-01
6.385989157681336570e-01
-7.886919419128908260e-01
-3.126668742867034223e-01
-4.354944039927353128e-01
1.162697882407674355e+00
5.602513802279543986e-01
1.111088404396894797e-02
-7.732195274196653756e-01
-6.349128670129237095e-01
1.829413051037847848e-01
6.344970045606532771e-01
4.577471147855505795e-01
1.207866612040620735e+00
6.406478202062246829e-01
1.213939485788596340e+00
-5.541029443988919612e-01
-3.853859867448127252e-01
-3.314089818003061461e-01
-1.353107260117441202e+00
-6.439748701055808544e-02
-8.527727669326136128e-01
-1.203302573309182000e+00
1.559464218678386083e-01
3.855461009127263972e-01
5.765084622865264130e-01
-9.003494985104734116e-01
3.179879889972814233e-01
1.679091079781626972e+00
-5.024998134113418669e-01
1.782359896049281023e+00
4.340322853186923124e-01
4.614720487478799482e-01
-1.547640924967808695e+00
3.832812276060061918e-01
-6.308706389163405426e-01
1.506689713538565734e+00
-1.295287294901455999e-01
-1.448808968410534526e+00
1.467351485043278281e+00
4.640882675521550427e-01
-8.228314831143104247e-01
-1.862719041135204812e+00
3.006791432928469510e-01
-8.120421325172182403e-01
-1.685720223843217569e-01
-8.694311090356300342e-01
1.616701465553503470e+00
6.396572551770245418e-01
-1.798197220037350552e-01
-5.084521040608532827e-01
-2.513376120317935669e+00
-7.177490386091357477e-01
-7.224408095927408180e-01
-1.010359975725986015e+00
4.682705416683267119e-01
-2.283062407167860131e-01
1.622776767405354592e+00
-5.956586354002901124e-02
5.627576835913574715e-01
-6.111853689880386575e-01
2.897223872462073024e-01
