-7.080558579791068619e-01
2.743621870435655752e-01
-5.519488507788428144e-01
-1.374085398687700188e+00
-1.005214160846830129e+00
7.680301553434277784e-01
-6.092960465552559324e-01
1.019996523996186344e+00
-1.273686308590878058e+00
-1.200166999595345674e+00
-2.578912867426015332e+00
1.030657101450886820e-01
-2.163511347669903606e-01
-2.129771910500454002e+00
-5.368008627337776950e-01
-1.250598051904734165e+00
-8.581555378054838146e-01
1.261947919965880738e+00
-7.502810908978431448e-02
-2.920214179053312598e-01
5.488242596929665540e-02
7.053724949008189915e-01
4.930014595043909487e-01
-8.729900840188138389e-01
-7.093204663393338771e-01
-5.858077546630230392e-01
-2.784622162030525594e-01
-3.762474184228497553e-01
5.712728953058294756e-01
9.535519420520743861e-01
5.170246888060332502e-01
1.889668865606097148e+00
-4.818134159933278315e-01
1.045436869004001401e-01
-9.926833298103300285e-01
-1.191933329205644876e+00
-4.509379420199824406e-01
-1.076618136152478478e-01
7.469886370594363001e-01
5.517648712158435692e-02
1.292140325899580056e-01
-1.649314326930791719e+00
-6.219368199485412196e-01
3.499515743342288543e-01
-6.249431098312491217e-01
-2.686245190338175104e-01
1.369010774456918211e+00
-4.458688484058962453e-01
-2.237079922955341527e+00
4.466656044745365151e-01
4.494508194349636514e-05
-2.236442411534370844e+00
5.136002622309734367e-01
9.766571745492944046e-02
-5.447898581189047906e-01
1.258808999904750037e+00
-3.238595839083818761e-02
5.195000341371053265e-01
1.487156251685444186e-01
-5.192213613016793960e-01
-9.512358932214961538e-01
1.382657108045955541e+00
-1.384358485929403082e-01
-8.571236324455754341e-01
6.810952584526920317e-01
2.166419385947996323e-01
-1.502656140188374678e+00
1.368238590674367428e-01
1.375834178721035528e+00
4.231083469883314963e-01
-1.802454218680869802e-01
-1.265197600911824427e+00
9.040553101464775532e-01
-6.281073471641301920e-01
-2.159291974134183167e+00
5.685252492966883509e-01
-1.713076395365743076e+00
9.331002630429792166e-01
1.833170769272506329e+00
6.859749428275664362e-01
-4.040356735111906850e-01
-3.675355476030089941e-01
9.092229115390180194e-01
-1.179937816598232714e-01
-5.758056734410591515e-01
-2.805205108454616347e+00
-4.757431999876814976e-01
-3.893709191259912550e-01
7.266769478255351578e-01
1.284813726624990660e-01
-8.963692669356997378e-01
-6.647208439120879664e-01
8.376314232723504061e-01
-9.422132629822502770e-01
6.374426542283369024e-01
-1.457433132474959647e+00
1.011330209160121507e+00
-4.700134383900875928e-02
2.296129683684603684e+00
-3.685447946643495287e-01
-2.213992705206517808e+00
-6.921404362280872413e-02
-5.626345895965444432e-01
1.262268153885303779e+00
-4.251705766037756073e-01
-2.416613080361531107e+00
1.656032866113718027e+00
-6.550086503481471478e-01
-6.680807983062843070e-01
1.342144998520825361e+00
-2.556524961318331624e-01
-1.112383385435710137e+00
7.754633491760607455e-01
-1.200066414840174511e+00
-4.277125690573996830e-01
-5.256586933200595446e-01
-1.145391321567703846e+00
1.175600245397779783e-02
9.478340392020025984e-01
-1.108895865340597808e+00
4.201024701403171906e-03
2.209933785740798295e-01
6.154870658532471950e-01
-1.597445267990256434e+00
6.026163953788641336e-01
2.012115948613256489e+00
-6.146813217570105264e-02
6.760435510038810270e-01
-1.629909661477928040e+00
9.769014557011437283e-01
-1.738579878511574472e+00
-1.116575337607269347e+00
-4.383470328437293895e-01
-4.076825072904025626e-01
1.000296966231166262e+00
6.359438420554545113e-01
-4.399833579719860110e-01
-6.448801610936220063e-01
2.801887586923602624e-01
1.498904647987876482e-01
-9.062310666508480717e-01
2.143950406556019428e-01
-2.002061211226845661e+00
-4.207289955042496366e-01
7.687287556479287243e-02
1.009767298000988772e-01
3.618956738088588421e-01
-7.594180314349496808e-01
1.133901364426294522e+00
-3.910996231340769236e-01
1.567152145415212416e+00
-2.815657874466463984e-01
1.213480946778256353e+00
-8.748418953247159846e-02
8.566408147734673184e-01
-1.814140529983076622e+00
6.835469288452460379e-01
8.180835743884243838e-01
7.514520928570100596e-05
-9.792275719608571627e-02
2.547545707541142956e+00
1.434588507552965186e+00
-6.861459227974262554e-01
5.092266534361757913e-01
4.336462485843313175e-01
-1.222522906654005759e+00
7.938222548085461794e-01
-1.295151555980777358e+00
-5.082247076171395594e-01
5.292239365090983805e-01
-5.240196592051209468e-01
4.002906941843635269e-01
1.233376178440574789e+00
1.156963696982707512e+00
-2.264373894068395232e-01
2.060347159998897615e-01
1.123726908208537933e+00
-7.052161880861939069e-01
1.414303155583182647e+00
5.751067557235248762e-01
-3.204963406906764511e-01
-7.349309943088252473e-01
1.434480218903863236e+00
1.067106350435983314e-01
7.090270163675658210e-01
1.724846077966634694e-01
1.367649303868694544e+00
6.878206429415391066e-01
-5.900724049346652705e-02
-2.104845549279795947e+00
3.017124191857385451e-01
-2.338497494926804254e+00
9.866301105374404301e-01
3.195551948446574420e-01
-1.563441079176559612e-01
-8.125702316136488301e-01
-8.714348966718686584e-02
1.455250637472470743e+00
-1.723909209368053308e-01
-2.223665007118996506e+00
2.698740540402107535e-01
1.229981198211806293e+00
-1.740758513631459836e+00
4.658248750520110337e-01
-6.250285511644485537e-01
-2.972347596330515151e-01
-9.371187385849780727e-01
1.774317043330885468e+00
-7.192715879968841763e-01
-6.728799687336423085e-01
1.393726889170950056e-01
-2.818841948190422553e-01
-1.338039013729235505e+00
5.274009646819379782e-01
-1.340354021859866629e+00
1.139118701634932673e+00
-1.669382122197726748e+00
-1.062189085018554691e+00
7.905061774063127933e-01
2.851848074009360468e-01
1.662030124332749770e+00
7.032322421001181434e-01
-6.710560204226239112e-01
-6.697697740298337588e-02
1.384193309747802303e+00
-5.881136270923452702e-01
1.539743458861536074e-01
-1.849916065200330195e-01
-9.615829335720726956e-01
1.709867099025583481e-01
3.430466702324643236e-01
1.065884443289248251e+00
9.473893977882229533e-01
2.892674666229948510e-01
8.567916845319594188e-01
8.072399860161744156e-01
-2.049741717244391859e-01
-2.371478842137631216e-01
2.123957514861993523e-01
1.296248072896024395e+00
6.917947884134755254e-01
-4.800858729008683490e-02
1.745080292521498544e+00
1.892632807072231804e+00
1.903237069810834736e-01
4.281455162512882162e-01
2.849352981259031248e-01
-1.460388820075065652e+00
1.153388417506882258e+00
-1.436495789614401053e+00
-7.348165931282056862e-01
-1.296378490963533192e+00
5.192716136949879768e-01
-5.344002800572461576e-01
-1.012492767075418243e+00
-3.958007622075921939e-01
2.621498224176860292e-01
-9.556166503626550845e-02
-4.327441508133757220e-02
-4.041977084111282870e-01
-1.171863613305808904e+00
-4.125487612177308749e-01
3.070220775769268440e-01
-7.213672474351040531e-01
3.296210654667062756e-01
1.137587963620424247e+00
-3.185047100374232554e-01
4.597461317130254743e-01
1.205770247997677957e+00
1.803244085023562704e+00
-1.845391858310603928e+00
7.126025067413706005e-01
-8.883371513272749764e-01
-1.750987709895042710e-01
-6.404818840301466087e-01
1.940449334467106546e+00
-1.859495924241814313e+00
-2.476588121685847910e-02
2.335110691971671315e+00
-8.010890052422309227e-01
-3.001293731161693845e+00
-9.092341359516836752e-01
-1.246474825769196881e+00
5.662171779980823549e-01
3.006103944370862313e-02
-3.209250154125503074e-01
7.644488746670677903e-01
1.784541235423276750e-01
-7.361443989059779369e-01
-5.949013421493979381e-01
1.416733286753445231e+00
6.195672914371863627e-01
-1.903649863645501816e-01
5.101184272552266030e-01
-9.752016283006973429e-01
-8.815348389865219625e-01
-1.209217281263637922e+00
-6.485114387872503716e-01
6.414291264046236840e-01
-3.042443686048370011e-01
-7.707304426861988356e-02
-1.487454717919663993e+00
-1.418806342806171461e+00
1.033011117391750888e+00
-6.085390796545443459e-01
-7.873816512406244250e-01
7.759276721002816846e-01
-1.623467249684497002e-02
-7.310215769376661177e-01
-6.420260071333917518e-01
9.147154643921908690e-01
-4.473897262245212780e-01
8.711015563286826913e-01
-1.228523009988337744e+00
-2.889011313229594008e-02
1.131941036524420019e+00
3.843067168809816136e-01
-2.228139208915997926e+00
1.074384763216994221e-01
-6.777457018872751204e-01
-4.991502532184606267e-01
-9.299531783532272167e-01
-2.588554314245150034e-01
-1.487652545885338018e+00
-1.658137357547778468e+00
1.088915623304902214e+00
-5.941504757633160327e-01
1.249274939540313323e+00
3.484745175142572871e-02
-1.679185389611426604e+00
9.032507663409571341e-01
-1.061999985515762024e+00
-9.050446128645310839e-01
8.413664368589295756e-03
-1.755202219219244242e+00
-6.391227361324010314e-02
1.067463728353671426e+00
1.454475827688741285e+00
-1.724717738461481131e+00
5.006015883239425257e-01
2.216113918110747538e-01
4.854674442566359605e-01
3.582904224524755543e-01
1.185993105817876092e+00
3.103148000961011288e-01
8.178116347433843358e-02
-1.788460001055109716e+00
1.943399817863269707e-01
-7.138256811871096508e-02
1.419169994924801781e+00
-1.824746155500129030e-01
-1.657112108369089010e-01
2.897224121003148523e-01
2.905210326772302287e-01
-1.368843190838344048e+00
-4.534810172463580313e-01
2.259509316600194495e-01
-5.710685441989354905e-01
-1.294985088637551573e+00
5.403238625121900007e-01
4.000688169897929636e-01
-4.229176200952874387e-01
7.999420054107074796e-01
6.118972058496769950e-01
5.818612024362279644e-01
-3.100021110918200318e+00
1.231486578063636150e+00
-3.526755089567195078e-01
-1.073795005003005398e+00
-1.839034689557160485e-01
5.046188941764822439e-02
-8.186223016512207407e-01
6.332126156795817584e-01
-2.797967630859395705e+00
-9.212710326385376014e-01
-1.732138522889648535e-01
4.153164444229079377e-01
-4.445674338774356638e-02
-2.836405177768028772e-03
-7.793149597668212747e-02
-2.059141754232253207e-01
1.431284251852089628e+00
1.799614804879915153e-01
-7.422311933621289493e-01
-9.952627589868037195e-01
5.427409728597329952e-01
1.026390056062852718e+00
-1.181464515126531722e+00
3.856816114097180170e-01
-2.552575646152358546e-01
1.964569125468950350e+00
-3.991647385479952237e-01
2.063976552941342371e-03
7.303977416227849240e-01
-6.072182682268992826e-01
1.428496944549048520e+00
-1.536605780211382388e+00
4.000159215090771658e-01
7.024251214263483867e-01
-1.675018114472149877e+00
-1.241748906801407731e-01
2.807003617995481592e-01
3.378469954942103226e-01
1.775743099934239178e+00
-5.875636714059717658e-01
-1.465234155803847083e+00
-9.883756451384893005e-01
6.103476821912516836e-01
5.530049002876053638e-02
1.012495634796826360e+00
8.279276952954771340e-02
-5.363884418186713743e-02
5.670341273483697764e-01
-1.532571608526948737e+00
-2.420607552011507513e-01
2.931633894286199693e-01
1.041723209430039487e+00
-2.011718357376003130e+00
2.291790236633530764e+00
8.783370639116153678e-01
1.557776147806339662e+00
1.208267049237618185e+00
-1.123564037908405311e+00
1.296328884712351970e+00
5.973207397419497688e-01
1.951893825502990509e+00
-1.058536676759039619e+00
-2.868595009864303602e+00
-7.610039618879279599e-01
1.187304565190855588e+00
-2.772212498776366552e+00
-6.224875381597345242e-02
-1.255790317703208148e+00
4.880422426994074359e-01
2.164939335425860811e+00
1.874678269139386400e+00
2.262412879572042179e+00
-5.547034824094022598e-01
-3.270569258277964408e-01
-2.658881560902925240e-02
-1.470138351045978453e+00
2.309387043415140450e+00
5.759469673219957953e-01
-1.683563223850029322e+00
-8.882225015293699899e-01
5.346183246640675568e-01
1.082736877002145048e+00
2.958749815428702856e-01
4.756942283474158324e-03
-1.818841982934366719e+00
-9.080720374327184707e-01
-8.403652369645973896e-02
5.523995304384440308e-01
-6.744567000890733244e-01
3.504413301007870407e-01
-2.177302626456504075e+00
1.342637329384398059e+00
1.264363185871857642e-01
-1.713085920279702412e+00
-1.952865299747219840e-01
2.378589430876963118e-01
1.275796543058943300e+00
-7.641443472449734875e-01
6.265957688631135225e-01
3.585928864729020504e-01
-1.948802648001685123e+00
-6.485475098541911843e-01
1.037547142498399078e+00
2.017846952096680191e+00
-6.824658161202833417e-01
7.104618463890138846e-01
1.084212231323746813e-02
-8.097834498543409198e-01
1.341648572256194161e+00
8.780199345311860970e-01
4.326348200280665246e-01
2.190898199887491682e+00
-2.408705842242759854e+00
7.118341554539269200e-01
-4.427463213119313679e-01
-6.593811197721036743e-01
-4.262356384191707259e-01
-3.758908162866996666e-02
2.410300570337543247e-01
-9.559449839318768793e-01
-1.146873695003970406e-01
7.211170431994101682e-01
1.159222048415374351e+00
6.305272749887758099e-01
5.717403542583261444e-01
-6.778669476757571699e-01
2.206042864299335715e-01
1.425802164762403068e+00
1.082097927074062271e+00
9.046303934949272152e-02
-1.700784221423943254e+00
-1.397743433913813949e-01
-5.872192187826401621e-01
-1.457194329633753060e-01
1.522153401803012507e+00
5.543153811997617586e-01
-1.434212074807014625e+00
1.265522427797087346e+00
-1.094084517094361386e+00
8.176261301210029364e-01
2.107763826171467514e+00
-1.052859773709936997e+00
1.078160733509013536e+00
-5.436396455531131711e-01
4.171906939607893383e-01
4.127608997195478246e-01
3.142898176189242165e-01
6.620887273845410537e-01
2.940772077260763173e-01
-3.101891112620050461e-01
-4.775494292582818656e-01
-1.791179712919199751e+00
-8.580956955686255827e-02
-2.951118191915683475e+00
-5.082852046826736858e-01
5.309881881684146432e-01
-2.200107078833847263e-01
4.714639919549455382e-01
2.880315344146280321e-01
1.844199469981882000e-01
-3.031458732433584546e-01
7.280890108220592349e-01
-1.620116712594613373e-01
-1.965032287440441339e-01
-4.978234350681715048e-01
-8.351046747945564674e-02
8.964604957062003443e-01
1.011231104826195271e+00
6.496543611723956113e-01
2.048584375333731278e-01
-3.714256986599068916e-02
-1.706252185168568136e+00
4.310104750847051913e-01
-9.741879260422753317e-02
1.049788645296170220e+00
2.295143224025025130e+00
1.744175700228447923e+00
-1.315415293051285017e+00
-8.722934277839178296e-01
-2.105911447014944538e-01
1.296595107504990407e+00
-7.595556056297951830e-01
1.250003486012444265e+00
1.502492499130809511e+00
-1.363541883167898261e+00
5.568904477657071750e-01
4.344274759316085199e-01
-9.546422875340745406e-01
-2.269764333453287153e-01
6.327945831018872980e-01
-3.400516245319511882e-02
2.117647453200821595e+00
9.099298005354746754e-01
2.517659513476804833e-01
-2.456394571074704547e-01
1.044621925250163397e+00
-8.930770404867861556e-01
-2.796568355477170864e-01
-6.288131025596365165e-01
-7.542498183481233243e-01
2.946005121029322826e-02
-1.421484623043778095e+00
-3.348277022393504887e-01
-7.938506111874514826e-01
8.605614989464442921e-01
1.294947669156613301e+00
1.995968962835077631e+00
-1.138810940455707632e+00
9.167540029818109781e-01
5.690969133880057207e-01
-5.984287656788811471e-01
1.648753672481650390e-01
3.620776850685065718e-01
4.651571452196904266e-01
-2.065065562038145952e+00
-1.322746818028539273e-01
9.092775976356218259e-02
7.935122208042032499e-01
-3.074371227192693179e-01
-1.184686830875634866e+00
-7.810802231422887543e-01
-4.141858223161807850e-01
1.091928641376611830e+00
-9.431803309207167363e-01
2.096990847618179082e-02
3.381358224968265547e-01
1.079381965173475122e-01
1.111143137804186498e+00
5.163880358077916899e-01
-3.559957953177142476e-01
-8.491647357790109707e-01
-5.153589424232336569e-01
1.551264491975190840e-01
8.429000512876038131e-01
-6.497559808826322558e-02
9.386156405790682111e-01
9.492513446629244345e-02
-1.902036237208712399e-01
3.821879502647133053e-01
4.060389952156287507e-01
-8.120527541549557027e-01
-2.200413264414943434e-02
-2.498349364961646724e-01
7.265134233311412171e-01
-1.218201219634303278e+00
6.260876758507553097e-01
7.110051254521944086e-01
-2.446282441553598863e-01
-5.380447196686556355e-01
-3.693561674125515060e-01
-3.859557158683502576e-01
-2.549945625800245641e-02
1.941572494821784067e+00
-3.504223471148103508e-01
-2.233121251266970142e-01
8.125851437080043871e-01
-1.225530476162615678e-01
-4.140487332947499072e-02
-3.468602257926092225e-01
-8.646402242034159635e-02
8.577737817125079614e-03
-3.503048456608131023e-01
2.110029351845175427e-01
-7.830806463934042450e-02
3.388433369736979506e-01
7.495612011031541622e-01
3.650110862089324115e-01
1.418873930619241719e+00
5.310616310095427339e-01
-3.699186654870240815e-02
1.068278268604861747e+00
1.649397204437401676e+00
1.789522496526957607e+00
2.589785725233411662e-01
1.090056575024457075e+00
-1.215410596463775805e+00
-1.374072058740688773e-01
-2.900752340534978185e-02
-1.243366202973920309e+00
-1.557411633780898086e+00
1.722231250715792639e+00
-1.444794126625738473e+00
3.762916041668591949e-01
9.715497550055584020e-01
1.746007354309172255e-01
2.694940986483246870e-01
-4.153164394956494580e-03
1.919814276242544082e-01
1.749062342578007190e+00
1.302068486320934193e+00
-5.371759917437162191e-01
-6.785362972688915306e-01
-9.953607289920606283e-01
-5.503644240969948198e-01
6.212237139136289610e-01
-1.952605423025957743e+00
1.021694173352207580e+00
-1.212092697135230157e+00
1.341178054273735265e+00
-8.191675986859113801e-01
-7.407125438363683090e-01
9.915860634581250554e-01
1.623097826599842475e-01
-1.730804835150646870e+00
-1.074703087643554683e-01
5.062025538646762468e-02
1.403465650300410816e+00
1.428233565945120354e-01
1.846079106357521260e+00
2.582908018721493115e-01
-1.210372732487442038e+00
-6.630077336464781368e-01
-1.201022269097192369e-01
-2.033374989030498625e+00
7.571440424024179494e-01
-6.923625514015853133e-01
-1.389463716871895071e+00
5.260031278622031570e-01
8.101535791943229592e-01
9.351784923767773039e-01
-9.035629365730406537e-01
-8.899783357194150923e-01
-1.875541162209881874e+00
-7.925126663210844136e-01
8.523952715739552266e-01
4.601809792096871188e-02
1.052292200431287128e+00
-1.265565714878130743e-01
9.396364686308791847e-02
-2.821361727903553884e+00
-1.272827327499568062e+00
-2.225518382983374899e+00
-7.248638693987017323e-01
3.292800619683213248e-01
-1.376047927218392530e+00
9.339449888647817222e-01
1.158910318593572963e+00
-2.394120649091589781e-01
-2.472456055460726596e-02
-7.652257733491603098e-01
-1.170372935822471927e+00
7.967444167905428642e-01
-4.635884327433547059e-01
-1.219874027634866742e+00
1.036379436665243459e+00
9.969761576643964007e-01
6.918461713070837016e-01
1.635332062007085752e-01
-3.476117530641958941e-01
3.207769687882772169e-01
-4.880411552748113446e-01
-1.135600822658277886e+00
-1.267944702865282824e+00
-1.040363517964166151e+00
-4.756662619375846557e-01
2.081995958818970927e+00
-2.404608273371781291e+00
-5.433954983379244430e-01
1.362086392217839226e+00
7.448929828576771328e-01
-1.067306380823845213e+00
-4.361074242392000699e-01
-1.729058110123226077e+00
-6.004633900663352009e-01
1.471572712988205855e-01
7.064964837816344323e-01
-1.026579412128334479e+00
-9.252233166736163472e-01
-4.645199529744378220e-01
-1.840692607617861132e+00
2.164647817739957070e+00
-4.842734754169071842e-01
1.929984892933439999e+00
3.229415620176541712e-01
-1.285597077519529396e-01
-1.018511770838719022e+00
-9.361192912342612971e-01
-2.709806236026719439e-01
-2.360705710807594893e-01
6.662470667298459048e-01
9.308436938014685857e-02
7.842450205646326333e-01
1.528438943818479778e+00
-4.908426774419571426e-01
-2.177693563414972167e-01
1.075588165619795721e-02
-6.615642650287703597e-02
-1.059515926050891288e+00
1.759283830158202333e+00
9.379299257034865445e-01
-4.621173289468054057e-01
8.071024820266050614e-01
-9.605484407041684491e-01
8.619776873827719177e-01
-1.217433166940018019e+00
2.484263976857487566e-01
2.400516772453731740e+00
3.462399595599253144e-01
-5.781033690337462616e-01
8.046951311021982578e-01
4.042090792813640698e-02
-7.598423591800500532e-01
1.510308211971457482e+00
4.259843787916647306e-01
1.306556468810516902e+00
-2.820349532163198281e-01
2.190751019255807730e+00
1.531634676443846210e+00
8.867345469854409634e-01
-7.317653975163377345e-01
-3.795815456759415452e-01
-7.763720076435490780e-01
1.255076045620578951e-02
-4.898383055005331999e-01
-5.911511001197757853e-01
-1.549405121891538617e-01
-7.103851353345154163e-01
-1.061583261230315545e+00
-9.642481273035747869e-01
9.812673367201243946e-02
1.271397749206122807e+00
-1.455053146046206392e+00
3.042899173791802636e-01
-1.075268332995313880e+00
-2.191289427414117252e+00
-1.416552571715733455e+00
1.242992656755081970e+00
1.035419960319715393e+00
-1.836856604031483209e-01
-4.857126625944673814e-01
-9.212561774879530763e-01
-1.494915660187798312e-01
9.084668724508082605e-02
-6.100181485154257954e-01
-8.325468844013130809e-01
7.773597341013083195e-02
3.115244786180640379e-01
1.037125345130867293e+00
-1.272883227533889050e+00
7.398119328359725744e-01
-3.567788488446886341e-01
1.972936711737383608e-01
3.634655440609379506e-01
-5.593341143991393816e-01
-5.916293515391872759e-01
4.648957213004741851e-01
-4.257384903323239711e-01
-1.523031355415641386e+00
1.099091265142465135e+00
6.839648449223070248e-01
1.644276945726444727e-01
8.924642900248043187e-01
2.848372374036178822e-01
-5.168765616330480567e-02
-8.318120477653728750e-01
-3.126128140067701011e-01
4.067476917466085196e-01
1.176627589517254435e+00
-6.722570750323092481e-01
-1.014983363600496569e+00
-1.099497117839796312e+00
-2.105134968825492225e-01
-1.379702678564076246e+00
-5.900427023553691530e-01
6.299166349054104996e-01
1.632166555010696962e+00
-3.336651296246346404e-02
-5.813807802733239605e-01
-1.434385768600493272e+00
4.735921711554284541e-01
-4.447417392201530317e-01
3.741961482409159601e-01
-1.035821624190173207e+00
-1.386484144205377023e+00
4.295848577654527989e-01
-8.154091674241517040e-01
-5.629027746229643414e-01
7.946016870043565161e-01
1.111496823010118262e-01
4.719823234598488626e-01
1.001566114675218749e-01
-5.384034596099357417e-01
1.284940252582877696e+00
6.350082815347605214e-01
-1.655809323490306214e-03
-1.237560505299399177e-01
7.473864381659025558e-01
-3.146162959792882241e-02
5.067630602833404080e-02
-7.895145277392610073e-01
2.983500289914792214e-01
-3.009475590102928533e-01
8.698740900030109691e-01
-1.006646610387582186e+00
-7.886156347119982479e-02
-9.484678731692540721e-01
2.427019780561267270e-01
-2.171901363097731297e-01
-1.519816922973462603e+00
2.956178563077783150e-01
1.774183563562484078e+00
-1.753418321676286362e-01
6.512009380946396364e-01
-1.878733926947412369e+00
1.122355123055155945e-01
-5.849580510714079695e-01
-5.757647204392333240e-01
1.100356387202546138e+00
3.034266346242799894e-01
-3.429876393241052535e-01
-7.165247211797320936e-01
1.432949400878906987e+00
1.298520240059625186e-01
-7.785848736950745641e-02
-4.097918996390297330e-01
-8.440907417553755732e-01
-8.180316554505643323e-01
-7.305724074810355795e-01
-3.946541294881146522e-02
-1.941680563869043752e+00
-1.135756568716813852e+00
-8.004742983116666100e-01
1.195015551427638378e+00
1.362726194882273090e+00
8.006160707474061500e-01
3.775614655896799565e-01
4.435263817077433335e-01
-2.749244573504015104e-02
1.759741719777397906e+00
1.413527247151255217e+00
1.941568673918913912e-01
-8.709916397189412796e-02
5.032670929163860496e-01
2.135826857617908192e-01
3.948677605272638558e-01
8.283625809058174916e-01
4.331993496704253932e-01
1.290310577734428366e+00
5.931444184187323332e-01
-9.752787231446281568e-01
-8.014726370123356203e-01
-9.274819728564193122e-01
1.440862550946860887e+00
-4.883752476682322041e-01
1.644057418471108534e+00
1.393061456107399065e+00
-1.468958092549662586e+00
4.462926301431396348e-01
-1.358744425476857032e+00
4.084598491440323831e-01
-8.175233106922602522e-01
-2.180932884661395121e+00
-7.282945571116620220e-01
1.649540909547985157e+00
-5.936836573920715177e-01
1.237448026769150666e-01
-2.219906609175892886e-01
-5.412474105028594051e-01
7.422465804135385259e-01
-4.394791692579604336e-01
5.242671890988226391e-01
3.070360409690242598e-01
1.261395981877275752e+00
1.703980956657387413e-01
-7.141328269347863023e-01
-2.020224224537000346e+00
-1.606849562715609858e-01
-1.027259041676940043e-01
9.637768852711112166e-02
6.244753211349051147e-01
5.846589121083421992e-01
-1.864966691057947878e+00
-8.874852623913103145e-01
7.780676186800670191e-01
-1.250979789003523690e+00
-6.027594030885499166e-01
2.866023387099051467e-01
1.006471762807588544e+00
7.238348334638675663e-01
7.430258262683475667e-01
6.363126343004905650e-01
-1.584823307001084203e+00
-1.261974747073551784e-01
-5.398208916723397088e-01
-5.115987921565154917e-01
6.791472893851930870e-01
-4.319677163065505088e-01
-1.131637558277074795e+00
-5.600052772872500251e-01
-5.373710234486235304e-01
-5.829473096141319921e-01
-1.534030113615545865e+00
-5.363994100173627988e-01
6.282647845010894683e-01
9.464822337352821746e-01
7.121783003332270157e-02
-5.800933294940655571e-01
1.287370364248231702e+00
7.061826875447396734e-01
-5.615130802938762822e-02
-2.369981318593576525e+00
-1.118030955129841075e+00
-2.565620835757084883e+00
7.495749929870361150e-01
-2.535692740897670938e-01
-3.491982276181951339e-01
7.892678939637040036e-01
-5.489806371174481558e-01
-1.394609386218114144e+00
7.681659161212189835e-01
-3.602225702091755855e-01
2.369541495942031617e-01
8.842195965185308815e-01
1.988414742226624621e-01
-2.063167944456599789e-01
1.523215326063861896e+00
3.347637685161419241e-01
-6.342649270025596531e-01
8.342262952386523267e-01
9.461380020162014626e-01
1.206355196841718547e-01
-9.688518276375851501e-01
-6.209536585540939013e-01
-2.412031204627648417e+00
1.030939162003754683e+00
-3.884563317703001450e-01
-1.294033945741910552e+00
-1.874069975279744504e+00
-2.437574995715622528e+00
-2.412436768270344659e-02
6.646324318914602625e-01
1.460704459898003682e+00
7.283105433807604001e-01
6.452218017852869858e-01
1.791882157238280926e-01
