3.864618357009386718e-01
-9.362029265328969396e-01
-1.713071339611651034e+00
-1.483323826744967766e-01
1.997383297477044461e+00
4.171218166186729248e-01
-1.022696395075957776e+00
1.128624696899123592e+00
-4.980650620227158321e-01
1.169376564820224784e+00
-1.886924918201102974e+00
3.203140631458323284e-02
2.242455725814471723e-01
1.414525036269935754e+00
8.262582961330126041e-01
2.626411082643970857e-02
-1.842216583720619028e+00
-8.182222090049796892e-02
-1.058929176417770179e+00
-2.069763960146860260e+00
2.469822070341325809e-02
-1.951823515534983552e-02
-8.993543527695884165e-01
-1.450547017575585684e+00
2.872029952989575419e-01
-1.097968472285874686e+00
-6.015652386050934775e-01
-8.956877814807162608e-01
-9.098880482668810776e-01
2.074937906343631067e+00
-9.433078970472407176e-01
8.892288004983773808e-01
1.301596287717708078e+00
-2.754796792467189004e+00
-7.920755474372237481e-01
9.370279532100854736e-01
1.763905551057652066e-01
-8.199225517307055788e-02
-8.928194683305915591e-01
1.932345409639833589e+00
-9.212524020441595907e-01
1.138584775052468467e+00
4.490769572428504608e-01
-1.984837457409144856e-01
8.075881990465830773e-01
9.339481722926544771e-01
7.477702974132465208e-01
6.672589009170707408e-01
-7.252694413985733002e-01
-5.695729846302757249e-01
2.453588988510933544e-01
8.199721628164498288e-02
-3.501707210274425663e-01
7.289108821901543189e-01
3.148821427436684917e-01
-5.742361518426766231e-01
6.485415304407946557e-01
4.655988200717954273e-01
6.297033095261095337e-01
-1.410480375246158991e+00
6.427511044872282753e-01
-1.613332023508168844e-01
-5.648034167323378041e-01
1.768001227049336599e+00
1.494704052371726710e-01
3.896593838898342321e-01
-6.669881165393742872e-02
1.436571619677491585e+00
7.641777722897841185e-01
-3.215987015793270731e-01
1.779242388222978644e+00
6.821943029425490135e-01
7.389655044620072610e-01
-3.158669319540504672e-01
-2.319144825589068759e+00
9.351501792000906921e-01
-8.315800083641430307e-01
-3.008315738588293264e+00
1.231210292363293046e+00
8.352351527230510442e-01
2.068328495455561827e-02
1.953533981057475333e-01
8.452739009407603810e-01
6.309317195569618120e-01
1.008205622052336770e+00
-1.060748533631293844e+00
8.673317370314510832e-02
-1.431762828653480001e-02
-3.213906420115744123e-01
-8.309285263354951878e-01
-8.126708240937307037e-01
-6.454726684761030731e-01
4.103960852860766284e-02
1.614171608772545286e+00
3.928335632819747736e-01
1.075583107197360055e+00
9.998671860238374232e-02
1.805939912378436540e+00
-1.032814259342057506e+00
-4.751351749764762267e-01
8.153586962917840353e-01
-1.577736874192897876e+00
2.302631883238134836e-01
-9.633983702576613961e-01
-2.342434364475535213e-01
1.140218800942423449e+00
4.982446228909573338e-01
-1.703163080393765849e-01
-1.145640570347962600e-01
-1.523245317046853842e+00
1.218909022961931488e+00
1.680642772050950251e+00
-4.407646244141020242e-01
-3.711901315771783949e-01
-6.481067071921963185e-01
3.432715110660292113e-01
8.741110102852567287e-01
1.391572829570380199e+00
1.362459631885513778e+00
4.989947142876111630e-01
1.555352017459580259e-02
-1.307881650978457211e+00
-1.265097561554220817e+00
9.786333585878314034e-01
1.637439884461747153e-01
-6.973625079319866193e-01
-7.246683171777684729e-01
-2.216974245574643287e-02
7.256164431642363466e-01
-1.198468615190913189e+00
-5.253817496202772830e-01
-7.569665239334129325e-02
3.997356152385095340e-01
-1.458169732646859673e+00
-8.435839114380080939e-02
6.601637763078371801e-01
-6.992526572274847252e-02
-1.428928843983023889e+00
-2.323727797568818365e-01
-5.736728355909391786e-01
3.352824892613547880e-01
5.249067783941899767e-01
1.647748397299744649e+00
4.427817972075496766e-01
-8.076661639256301761e-01
2.078619207425560778e-01
6.699302402938340784e-01
-7.177996695263229032e-01
-8.724359912206299805e-01
-1.171974511970318877e+00
6.448407505469976042e-02
4.897242299902924145e-01
-1.358860821710389244e+00
1.507963879748516201e+00
8.076877334731906721e-01
2.431261100862754099e-01
-1.106384153739567444e-01
1.822191820055937939e+00
-6.165353363473529136e-01
-2.438248526998103127e+00
3.386943839755831021e-01
3.354562367829911906e-01
-9.760277064780952250e-01
-4.502779200411201055e-01
-3.937961281604323016e-01
7.675194678984111896e-01
-1.414442961784051711e+00
-1.024953482907365210e+00
8.628159465376062931e-01
3.109898738859045442e-01
8.090331442588187816e-01
-5.686084674204487932e-01
1.073781226864537919e+00
1.028567799355361245e+00
-1.052563615568535976e-01
1.500353292785515380e-01
-1.329674924853722073e+00
-9.088949561211913108e-01
-1.115408036810845438e+00
-2.360904072137343657e-01
-9.748267421315073289e-01
-5.400509177064892752e-01
8.437272438129680419e-01
-1.249677655713843094e-01
1.568607007418745120e-02
-1.685604522603677768e+00
-5.772684357549744405e-01
-7.129528886917226860e-01
-1.343085729250263240e-02
-1.962289485568864955e-01
3.555611927602128630e-01
8.692133279000784363e-01
1.707792214237483064e+00
-1.569484356127248237e+00
-1.804473515909087888e+00
7.171111847456160815e-01
-3.253505016389277027e-01
1.094078481453034657e+00
-9.181191686478051839e-01
-1.831690673657024426e+00
-1.464405437248945008e+00
7.064086354790252154e-01
6.531349253178350134e-01
-1.288995547528158703e+00
-7.679123340924024488e-01
-8.204824749402513939e-01
-1.413210667083164784e+00
-6.281385415840990971e-01
3.272068736329423744e-01
4.727684264490926158e-01
4.830209010635561073e-01
-5.814060907190856664e-01
1.538171103268562157e-01
1.540692788689010051e+00
-1.280017558473196537e+00
6.638790430276376719e-01
1.060143998923098740e+00
6.811036053605965535e-01
-5.803328941317180689e-01
-8.660363216061984781e-01
1.156006326734471817e-01
5.676757908308202039e-01
-1.189743430148567649e+00
5.700017202934665184e-02
5.057531028035467946e-01
-2.492882481933303973e-01
-9.349243022889750510e-01
8.520762370335636104e-01
-3.677993258879150990e-02
-7.833880357103023551e-02
7.106430645665277046e-01
-1.468640316677808810e+00
7.373234073964187729e-01
1.110686050174943373e+00
-7.605827868250456536e-01
2.250992923325681738e-01
-8.667129248368509176e-01
-2.852711245484284563e-01
-5.057807531430769110e-01
5.822699799918544805e-01
9.634710221258084850e-01
6.060141656984791014e-01
2.404763336302866705e-01
7.285617838821540904e-01
-8.787422815024958922e-01
-8.100862944674270816e-01
-1.941391848460254366e-01
1.046092459154214671e+00
-2.828260880258660070e-01
1.438178895129573198e-01
1.201993947252692152e+00
-3.859391795021354654e-01
-1.178777015320626870e-01
-2.102826449351686278e-01
-1.429927522840281906e+00
6.354344166069489930e-01
1.279109152995364429e+00
7.884166439538230486e-01
1.865773506641026369e+00
-2.715000810789754970e-01
1.502641145603540229e+00
-5.224593537262227638e-01
1.155626000620989663e-01
1.957229798303907753e-01
-1.840557782019205668e-01
7.058229901824120134e-01
2.330898532798835188e+00
1.177857170577742085e+00
1.291916972456364610e+00
-4.357633286581639315e-02
5.273058137132414780e-01
1.724035572493265223e+00
1.571792656895052709e-01
-1.458062161474053653e+00
-5.262605886605589700e-02
-1.316949365661157723e+00
4.222357081404179979e-01
-1.509973561249456919e-01
-5.230861408849114547e-01
2.222163059205587210e+00
1.967798457259533285e+00
8.814697340022478733e-02
1.021579575013145336e+00
1.891864735950458565e+00
-7.807892578460495780e-02
4.992805871389413563e-01
-9.546523882944486505e-01
-8.699806244128972521e-01
2.008519299606386921e-01
-1.123075639168121143e+00
-1.610905993482972809e+00
-5.122708757521691192e-01
-5.416413252910473597e-01
2.053522255913726446e-01
-7.148015390175732620e-02
-6.974687988586283360e-01
7.966732488415675384e-01
7.612032819521724614e-01
-1.365571068307714020e+00
-6.474460028757555996e-01
-1.289762155627378615e-01
7.911671809448092008e-01
9.967806875163703895e-01
-1.221563714011590029e+00
4.102428103210303267e-01
6.707949911396470233e-01
6.916973598349096530e-01
6.322503207316879648e-01
1.096698069915132523e+00
8.016471258441235648e-01
-9.606261404963595263e-03
-5.128197347249550120e-01
-1.468979562922450688e+00
2.587626175756851055e+00
-9.616670081213460897e-01
6.813734540675403517e-01
-5.956315705541037619e-01
1.084371604197224670e+00
4.622437650597453485e-01
1.476553071611893753e+00
1.989466089929682255e-02
-1.015275114322839567e+00
5.196017737813399956e-02
-6.118908166484671174e-01
1.328090921802806745e+00
1.485670829580970409e+00
7.945565706285292462e-01
-2.482064103217496709e-01
1.290064241635923814e+00
-5.689546241090603917e-01
6.966996357016302932e-01
6.794180099435485065e-01
1.830503886758467202e-01
1.061200243001256149e+00
-4.545818676647258270e-03
-3.765163722137569724e-02
-1.710385992794298149e+00
-5.230423609615254543e-01
2.908320171836342033e-02
1.800113525056532326e+00
8.560552937728784784e-01
5.570067983894746444e-01
-1.559349077947769668e+00
-3.609167032663306851e-01
-1.064901631798704562e+00
2.894020430518842724e-01
1.003940106960682366e+00
-4.543607330512909326e-01
-8.132351959456150803e-02
-7.860611025029463628e-01
-2.190957262382273285e+00
-1.595777843604646584e+00
-7.149191755071271359e-01
8.950933896551764857e-01
-1.648727929001390924e-01
-6.224471624074111586e-01
-5.707272231144865371e-01
-1.372852629213757281e+00
-1.109352905345429297e-01
7.265267451710315516e-01
-1.865393883052768875e-01
1.587844263168127990e+00
1.623041380268518408e+00
3.566721997075071315e-01
-4.879612015305880013e-02
3.293911938668746264e-02
1.736047280633384871e+00
-7.704468433942244232e-01
-6.424750971940298427e-01
4.290761502796076599e-01
-9.319058755898461388e-02
-7.545085188639449880e-01
-1.005545292217690179e+00
1.249805961016243749e+00
4.884376571836813175e-01
1.052213377064799449e+00
2.516941203840672436e-01
5.929508569715298272e-01
-9.604693759404105968e-01
9.956708320979142934e-01
5.618508576935633547e-01
-5.826398002053260333e-02
1.179597937641248206e+00
7.379913927964659726e-01
-4.856967570953240609e-01
1.464480009871807820e+00
6.536496755969379846e-01
8.851676509156263251e-01
-7.376720048350237091e-01
9.658455825883462964e-01
-3.920769679233609972e-01
-5.323068098018732819e-01
-1.767814299459777638e+00
-1.214292781952386463e-01
-1.363771985247629326e-01
2.263182009490250224e-01
-9.041953943394868964e-02
-3.401926149239148933e-01
-4.404627025485708947e-01
5.962196097551333285e-01
2.262765714600273315e-01
-1.864721906302190535e-01
-3.138725707175115121e-01
6.377072729069972468e-01
-1.381690750391349143e+00
9.644787509023738936e-01
-7.033887731538963628e-01
-5.580886710700312392e-01
-1.118182903445128940e+00
8.120104840047120964e-01
-2.329377667266909757e-01
-1.276341729440489514e+00
-8.324705801337485278e-01
1.792163572802041027e-01
-2.865718009096147600e-01
-1.072106247087752512e-01
5.123187527938256602e-01
-1.287710815001925857e+00
1.406706165712134360e-01
-1.213212365594217967e+00
1.137388410247603066e+00
1.354152701021744010e+00
-7.859671924200689608e-01
-1.480417648041972012e-01
-2.668783918702060109e-01
-2.470317995236361308e-01
-1.545797302556039199e+00
1.383968567347896750e+00
-8.351385027241889913e-01
-1.834763932322282631e+00
6.678983317767348549e-01
-4.721798683020548282e-01
-5.263207202287870645e-01
1.184013687466727083e+00
-4.433320823422573498e-01
2.724438148505286428e+00
1.501158714778236369e+00
-9.087868239012487637e-01
-1.349459849591204019e+00
-1.995709115746287399e+00
1.243613686211099356e+00
-6.636730810858115781e-01
-1.003591591280743600e-01
2.889540057319785540e-03
-1.617010768501231599e+00
2.973109837996454452e+00
2.542716221291871914e-01
-8.001814081437282900e-01
1.235819667252780807e+00
-1.850700331849803315e-01
-1.424259980828987970e+00
2.105198830080232675e+00
-8.165172162529895639e-01
1.159605581754867831e+00
-3.445189826469004929e-02
-1.499190485927489880e-01
-1.120407344504170011e+00
-6.756110513283116736e-01
4.183276113365038129e-01
2.992235486591228177e-01
4.434021691229939055e-01
3.710479870725780227e-02
4.311241174404356613e-01
3.024275399948671977e-02
-3.153828153988090244e-01
-1.427865347111114902e+00
4.451423603862629252e-01
8.808972211283859766e-01
-1.404013784982739876e+00
-3.479585903229199140e+00
5.160850284099879337e-01
4.273961332510937128e-01
9.942582977454534898e-01
2.947519558126061034e-01
-1.114498993010272665e+00
-1.758320610121940075e-01
2.221601893553128149e-01
-7.877029722272549384e-01
4.638667257693797064e-01
-8.015640998358906089e-01
-9.124559614881888603e-01
1.257344206931090280e+00
-9.505400238565505644e-01
-9.707396781403271335e-01
2.163230228655154352e+00
-1.799714358639678879e+00
1.712155531831933919e+00
4.205027883623406182e-01
-1.326633589220865134e-02
7.533984866845510053e-01
5.373301152483368481e-01
-1.146980759220378010e+00
-3.491749540702396848e-01
8.457467020121303136e-01
2.751677421114628430e+00
4.160213996467285735e-01
-1.295371834605318906e+00
-4.200103327114966534e-02
2.775410194194454228e-01
-7.889853145273376667e-01
-7.069207562063848371e-01
3.758950210360910704e-01
9.187919016117921389e-01
-3.854873715953341384e-01
-9.433435073322274933e-01
9.387720050462697863e-01
8.150617947371750771e-02
4.673192779790402707e-01
7.341942045407137130e-01
3.378481171795674753e-01
3.098573541564904610e-01
-2.284853432836052856e-01
1.612421160649283980e+00
-1.623792258275986500e+00
-5.755073811722149352e-02
3.017019501092317868e-01
8.088464810496965862e-01
1.436470061682835753e-01
4.543298205023736380e-01
-2.055233139701848413e-02
3.802868444671653747e-01
2.068462336192426199e-01
2.710219833116761734e+00
1.460843386627373730e-01
1.074781856802080188e-01
9.502913753252843765e-02
-9.720045863975272926e-01
2.542266079535531742e-01
6.899244522244737388e-01
1.008593768658617051e+00
4.502136289776621086e-02
-2.030206030315158117e-01
-2.164532759746836121e-01
6.603354362347030326e-01
1.768680320440720211e+00
-2.086578038911002797e-01
2.418964800548381699e+00
-4.639728435603139856e-01
1.557308857786819933e+00
-1.655215618838585590e+00
-6.174483693070166590e-02
2.511750398100236481e-01
1.225482825389126118e+00
9.887995115849699257e-01
1.675033208201962345e-02
-1.005498391428891081e+00
5.370309027232994525e-01
5.777514006547098679e-01
-1.959821681708619201e-01
4.675374738409983633e-01
1.003690446036413775e+00
-4.708696790438199331e-01
-1.120481707620522016e+00
-9.446309344318740697e-01
1.772958865265076012e-01
1.159485156999457978e-01
-1.428350177823450196e+00
-9.145042376243517346e-01
-4.701029430235239559e-01
-1.434318363033749266e+00
3.288659332442208649e-01
5.230170392520162581e-01
6.954443766794734527e-01
1.117504775386441995e+00
-6.110693147101067257e-01
2.141559813446464844e+00
-1.735275398775948386e+00
4.355342744275173539e-01
-1.250635551516772193e+00
-8.002844554876700212e-01
1.093577917067257488e+00
-9.056832983903702061e-01
9.618677719059699760e-02
7.717951850397388736e-01
-2.378011488434042420e+00
-6.382621184592632835e-01
1.170167667531361477e+00
-4.763226844196401938e-02
6.402983730718316835e-01
1.210193439526839748e-01
3.505172076347136123e-01
-3.474775208758486000e-01
5.162720687542586839e-01
2.938296581634589066e-01
-6.088672007658399998e-01
1.891538751882813341e-01
-1.049393016967793191e+00
1.786066973912818212e-01
1.045872432989228162e+00
1.438458312277574258e+00
1.844454638537826208e+00
1.518138739233508838e+00
4.027225996223816051e-01
2.830048042032767136e-02
-2.910184710786141160e-01
-1.028556866310401663e+00
-2.997870708288087327e-01
6.008363880486342623e-01
5.600264358934343711e-01
8.433500387013382893e-01
-1.687957333222828815e+00
3.927675246480444998e-02
-2.260604233465965569e-03
2.791576657428719299e-01
4.420573157199870762e-01
-4.881896520746629720e-01
-9.187907599764826294e-01
-1.779555343607738926e+00
1.129047389795945627e-01
-3.032261261922086781e-01
8.281868686541122848e-01
-6.986005680536679918e-01
1.135966484471072624e+00
-1.573515680814603801e+00
9.394769061955114964e-01
-3.306168731957325607e-02
3.251834373666779299e-01
-5.936058871905601775e-01
2.736373685671495970e+00
-1.082822927841258220e+00
6.868170337249964730e-01
1.370932083717917860e-01
-1.647456786447977439e+00
-9.475382791970651253e-01
9.320085486086521209e-01
1.210944673198035781e+00
-3.397831238426586853e-01
9.064370057153123827e-01
-1.194540907696574727e+00
2.411541887060473788e-01
9.179907687059809529e-01
-3.811072261035649555e-01
-1.416528867649738288e+00
2.152626756085614712e+00
5.339722538116599138e-01
1.723345908164068963e+00
-1.476879344412115991e+00
-2.873563382493853902e-01
-9.726224961757617971e-02
-4.398507388763845186e-03
-1.371435287130040592e+00
1.058155550641635578e+00
-6.674634073128804523e-01
1.049640667391836146e+00
3.336932893011559931e-01
-7.468357168274077917e-01
-1.507063197222167528e+00
-9.147046617239640298e-01
3.060840992418626949e-01
-9.539279860477269946e-01
-4.783830871870628498e-01
-6.525359810839027608e-01
-2.246185785552530234e+00
9.077512803817416875e-01
-2.470889732118971838e-01
-3.106292758339453397e-01
-7.971893930977946852e-02
5.455608937569997874e-01
6.992313809528113433e-01
-1.272210164439885327e+00
7.926806813835345356e-01
-1.926335283695553180e+00
-9.625604656952824190e-02
-1.779982285993080504e+00
1.337466701762358934e+00
1.187660422744574840e+00
3.287440040483264880e-01
6.438540410936773872e-01
1.335095560198223952e+00
-1.235193834365860610e+00
2.447958204939976457e-01
3.264904405121671904e-01
3.070231619465815243e-01
-2.455034203552264316e-01
-5.095627506627086190e-01
-6.423245695619599349e-01
2.181684270534128167e+00
-1.590931761694342139e+00
1.573575251503467776e+00
6.625304925090295116e-01
-1.876336883851266735e-01
1.410479187613910002e-01
1.608646042459755732e+00
8.251584801376457001e-01
7.637700658994445169e-01
-4.588394560721513193e-01
-2.222636745647996293e+00
-1.034222145576794594e+00
-1.780321019968640339e-01
-1.739258140624339477e+00
1.636926169874431125e-01
3.665685007319684496e-01
1.892054997497555568e+00
-9.862948768948017753e-01
8.004918495095452169e-01
-9.059195914160746987e-01
7.350013777153295846e-01
6.037743132864919343e-02
6.387431720714286110e-01
1.375624872950452771e+00
2.080505877508105339e+00
-1.179899371288105625e+00
3.934579157709858777e-01
1.905372385608838037e+00
-1.819062634182047722e+00
-3.901301026124733284e-01
-9.128166157906295597e-01
-2.340014057638951650e-01
1.336537376990538650e+00
7.940102665067124699e-01
-1.068629397943965609e+00
-2.787054708264661285e-01
-1.073574878424370382e+00
-1.248874635735482519e+00
6.749189878318428981e-01
5.110607197536484181e-01
-1.285798232197509883e+00
2.457143660967586393e-02
7.739035460389219745e-01
2.721544290438108749e-01
-2.543561431857461752e-01
-7.058166516796439138e-01
8.857792946742212292e-01
3.316748141586686183e-01
2.076460662145100944e+00
1.680975707968628718e+00
-2.965203211337277822e-01
2.171955842127372360e+00
1.006696534536794863e+00
-7.841292551789738052e-01
1.988343456258769015e-01
-1.904756014634305661e+00
6.176853057505933275e-01
-1.255169936853338664e-01
-2.106667677911693570e-01
5.198743265495119337e-01
7.210051216736389490e-01
-1.724310930345163834e-02
-2.443642872744475003e+00
-1.574944899661912201e+00
-2.675866502659957624e-01
4.990548673806529112e-01
7.871884096121215535e-01
9.924559064964866284e-01
1.865432511983161179e+00
2.896121783900788560e-01
1.385725821133508839e+00
1.066546353561927507e+00
1.280921751984288370e+00
1.332687195608296848e+00
2.402738635137649403e+00
-4.054406634468492587e-01
4.665824641657895927e-02
-2.423514292490451527e-01
-1.904624147308451754e+00
6.195733961850704574e-01
1.181780237929075383e+00
1.030048488968642983e+00
2.175096948287958298e+00
2.111183993880653698e-01
7.792916579580368985e-01
-3.063468991533088714e-02
-7.213925479520002515e-01
1.396286144500525239e+00
-6.742915278670522650e-01
-9.379466360338382103e-01
1.656892086067126790e+00
-7.435849822896312133e-01
3.426008949759631189e-02
-1.320421364902115979e-01
1.734283368947088677e+00
9.329531370499604126e-01
1.066540761000938975e+00
1.667036668651206976e-01
5.740869589597294986e-01
-8.274852358797279983e-01
7.146096661549125040e-01
-7.985312002369588935e-01
-3.473378198029792308e-01
1.255681384806588419e-01
-5.101395697199887502e-01
-6.744820126792284709e-01
3.986011785913311928e-02
1.916712161205833764e+00
6.808923970596617581e-01
6.216730772966835294e-01
-1.762728120525036690e-01
-6.243762076469459021e-01
-1.996247052393461674e+00
5.787359589204185140e-01
4.406735335971268680e-02
4.548547383389205390e-01
1.315097692401019369e-01
-1.427814263875052669e-01
6.751357839607282640e-01
6.314010538253219673e-01
-1.388586496025534800e-01
-8.049161737217599422e-01
-1.875627552010328936e+00
2.361182172501976040e-01
-2.062187169466831005e+00
1.374124088170499913e+00
-2.801255675683406166e-01
4.582617830846105744e-02
-6.506845102476498388e-01
-6.741393777111160945e-01
-1.465566919587541594e+00
1.710333156147083811e+00
-1.687540170131729411e+00
2.525510718922310827e-01
-1.766683856398131858e-01
5.806857819416684219e-01
7.771979954008809699e-01
5.743088897051881192e-01
-3.040602754484750481e+00
-1.883883464198985225e+00
1.430740338991915717e-01
6.846711785766704250e-02
1.162720471092489605e-01
-1.434261195518089504e-01
-2.643992908338550496e+00
1.804185163586019991e+00
-6.807042643555892836e-01
-7.899561715779234161e-01
-1.055118912171398998e-01
-4.086599643187673880e-01
-2.560860593065195645e-01
-1.064061046510547531e-01
4.630762513960945959e-01
1.576215758436052328e+00
3.129522295341805038e-01
8.609377109814497775e-01
1.620421827760973876e+00
-8.387709442084949618e-01
9.365258553938338171e-01
7.971563627187917139e-03
2.042234531616870796e-01
-4.882876520192045988e-01
-1.302635491111665100e+00
-1.869322877923353943e+00
8.659689446398241008e-01
-3.898956298332595938e-01
9.205625403293414832e-01
6.295478629897331702e-02
-4.464769776901548193e-01
3.164020451225497133e-01
-1.802331512382575884e-01
-7.692112258532405322e-01
-2.831928689301945301e+00
1.090142612769543495e+00
9.570759846750659383e-02
4.018046179329545220e-01
-2.253548429896023553e+00
-9.983082130031319945e-01
1.841029829263085782e+00
2.047347589021293768e+00
-8.537686676711204736e-01
1.204426625528570050e+00
1.055164153781908531e+00
-1.364706944888990081e-01
-7.527980365777241500e-01
1.879685598423588844e-01
-4.647134909369148859e-01
9.129561234431582406e-01
2.644405658689286565e+00
-9.785363051979160121e-01
1.586100379266123239e+00
-1.045660182080641487e+00
3.117024305816025187e-01
4.203937431401856550e-02
3.292825211068440422e-02
4.400072320407166782e-01
-1.148660830819715484e+00
8.382648796327730745e-01
6.331086114261064157e-01
-3.060988346905477164e-01
5.242048247681291989e-02
-2.041961577098559300e+00
2.088707369442866835e+00
-5.136885483181294898e-01
1.993287912770687953e+00
1.641237052058994283e+00
2.615594170346773883e-01
-1.939939453361862132e+00
9.465213887674528426e-01
-1.700703935214758156e+00
1.093987492463817102e+00
-4.916320799626363591e-01
-7.177098903074083380e-02
9.619009349255303043e-01
9.918782442166000635e-02
1.123789884635751024e+00
1.076147518279351400e+00
1.245440777383025388e+00
-1.430982321051560646e+00
-3.034688392208369834e+00
-5.997936541719351977e-01
-2.399548032060736524e+00
-1.437371668109035383e+00
-2.808500277848818616e+00
-1.040399704990100149e+00
4.186314510160303315e-01
-2.423627856166548633e-01
2.081898524571441644e+00
1.478875553219328731e-01
-7.437764130984728106e-02
-1.077106572913112625e+00
-1.130134973413172844e-01
-8.995013888854576090e-01
9.342958194805616179e-01
2.740337949746440849e-01
-1.361649819787768445e+00
-1.423668764545636511e+00
4.197524227556622689e-01
-2.200944206205849019e-01
5.020753774519070012e-01
4.632009905729365246e-02
-1.994709790201767974e-01
1.450244910249252284e+00
-1.070528251165002276e+00
-8.209932049724081304e-01
-1.589835417361742387e+00
-1.856742365739284528e-01
8.900424279472569644e-01
-5.494509174682963293e-01
2.210245113383105586e+00
-1.842404027929784860e+00
-1.688986848950806197e+00
4.674771139414516385e-01
1.250064533370115916e+00
-2.589598963451547498e+00
1.277921111576737212e-01
-9.449513742354244128e-01
5.822742646895305851e-01
-1.116803695323542733e+00
-3.733770421270474760e-01
5.261881067268294743e-01
-4.593894371096030604e-01
-5.398651625114267993e-01
4.794471438778141748e-01
4.009944065097993393e-01
-5.204266968885964406e-01
2.992950429649575139e-01
9.829696217815866444e-01
-6.177929742483176945e-01
-7.542109543962417506e-01
-1.209700325053331360e+00
-1.086648916181441660e+00
-1.605171133485430390e+00
1.493464993404295393e+00
3.815220669100998219e-01
1.201375684533215971e+00
-4.799559130187078804e-01
1.305339427607576708e+00
5.199927227045961775e-01
1.323755301336605683e+00
-5.800397367267795534e-02
1.075544716807433243e+00
2.288031514988037252e+00
1.001250090301796014e+00
-2.288191938087958288e+00
6.182819891640271015e-01
9.261412042719049387e-01
1.529109240026939931e+00
-1.688025574356802228e+00
-5.103572160093092780e-01
-6.840047873459162986e-01
-3.700045288455067194e-01
-2.726546715702582446e-01
4.422602953091465117e-01
-7.949492146539679505e-01
1.275992153269183360e+00
-2.241961815238928235e+00
2.723040214534310444e+00
3.107622764889761413e-01
1.379510420228916012e-01
-2.235667710824691401e-01
-2.148602611926063943e+00
-9.400648894802184907e-01
-3.526522734681329374e-01
-1.501334802511240796e-01
1.427044246518016368e-01
-8.005531149016500425e-01
-3.794582144391789313e-01
5.736581505253760538e-01
-1.511765186412451722e+00
-1.671270474158089228e-02
-8.989957639232044606e-01
-1.336354930612531078e-01
-9.217381898140613039e-01
-2.132374626338064072e+00
-9.304312163913655009e-01
-7.493477997087010234e-01
2.259127149340560969e-01
-1.892618595631999912e-01
5.549738553670212626e-01
-9.919931431687972756e-01
-1.628326207117693603e+00
-1.851977005800649279e+00
-2.959786151814109978e-01
