1.302393612239735265e+00
1.316491632682060153e+00
1.365896782495385153e+00
1.371833098298405718e+00
1.273400907223462220e+00
-1.232137192863004133e-01
9.227347272117712995e-01
4.971363189350415657e-01
-8.179030833884158580e-02
-1.057181221024870998e+00
-1.271442980331816797e+00
9.681739322138621651e-02
-1.674805210139313383e+00
5.440379663475026772e-01
-3.617991369212748554e-01
9.301860662465755158e-01
-1.808285843319814290e-01
-5.634796526973044895e-01
-5.025417337953490549e-01
1.119651454278593361e+00
-1.021268180003203074e+00
-1.875892441066616900e+00
5.859476705253262585e-01
1.463821287293436135e-01
7.594585085406643232e-01
-2.478428160653212420e-01
-5.937592244038811806e-01
-9.308510651251511447e-01
1.162233381575114161e-01
-6.144795561289488894e-01
-7.531654923788129175e-01
-1.683642738908395664e+00
5.487069847658665456e-02
4.526096069617475126e-01
2.942898766294965024e-02
-1.934118309564614724e-01
4.304149125484044713e-01
-1.020395516684843074e+00
-8.273120969635594513e-01
7.709532280778506053e-01
4.483309938423464813e-01
2.072737614029349917e-01
2.805256893632843140e-01
9.182685333509138514e-01
2.973162060270260754e-01
9.141046743966813048e-02
-1.136989456345721017e+00
-8.806438725752651075e-01
5.093719541359643666e-01
6.402330580047411734e-01
-2.032515464485843137e-01
-1.430323266088603107e-01
1.346191794972189770e+00
-7.349995828909297035e-01
6.898465548316131679e-01
2.013540928321034595e+00
1.640236805696675182e+00
-2.245245596772747210e-01
-6.181030208436536499e-01
-1.676549576548511666e+00
-1.213423915415332566e+00
1.629714278013852657e-01
1.007323097961088987e+00
1.691814609605498676e+00
-1.385177473925100822e+00
4.844097336077636817e-01
2.880176679152976482e-01
8.517091940548598972e-01
8.316409575015992761e-01
8.967333109655575285e-01
5.369416845655731185e-01
7.666832757890205130e-01
1.266215956861765635e-01
9.750942347195090676e-02
-1.885074944332394697e-01
1.485571347293537903e+00
4.117457231179503796e-01
6.677623021786293078e-01
8.847182012926063654e-01
-3.452780297315307112e-01
1.026111257111052666e+00
-8.171573695455445208e-01
-1.467914710254526689e+00
-1.017112224716293888e-02
4.058911265488495124e-01
-2.208738499940748057e-01
-3.751886898382580937e-01
-1.425858461776188690e+00
1.401292563857578610e+00
3.437048639858915067e-01
-3.225935774989113769e-01
7.828291931734476794e-01
-4.024343631151759415e-01
-1.498754668568516857e-01
-3.042965398169680813e-01
-1.309454545076996990e+00
-6.875847405352571162e-02
3.235542564149078704e-01
1.010588438394242727e+00
5.667221443512890922e-01
-3.129205726274558175e-01
1.270422568304579114e+00
-3.813870934575497862e-01
3.622663326668065786e-01
2.916799118773198418e-01
1.779664054854943056e-01
-1.640209174055689223e+00
2.259323820863193555e-01
1.913960303126642559e+00
-8.590778355393682286e-01
-2.393064574321691340e-01
-4.310088310613906237e-02
6.062980977297637297e-01
1.506414476251952239e+00
1.493855545594838574e+00
-2.592023622197231481e-01
-1.547009146557280834e+00
-9.401681960716358200e-01
-3.802940530640495642e-01
-1.409247121502043676e+00
-1.876175550754573207e+00
3.967208591255785288e-01
-9.094774546149958505e-01
-7.317257232132495792e-01
-1.898890638430891231e+00
5.095751460132291744e-01
-9.240214383159224276e-01
-1.232383772507375630e+00
-9.072472325208911711e-03
-4.035417706059828413e-01
-5.307710995789862718e-01
-6.809950328509101203e-01
2.420006951330074818e-01
1.648906075657506354e-01
-7.186631610469541576e-01
-5.982775871065210138e-01
-3.337725757791605297e-01
9.598061388294730767e-01
3.309953965540549659e-01
-2.448670868375928678e-01
-3.226998848591298152e-01
-8.459952868534835746e-01
-9.331199927301909725e-01
-1.022370320613664951e+00
5.757366113805720831e-01
1.067277011145917109e+00
1.824257291979145545e+00
-7.974174889683370848e-01
8.988578011477151852e-01
3.381646214975547182e-01
-5.493353387466777260e-01
9.090534696978569418e-01
-2.302450178717624141e+00
-2.265205695739494762e-01
1.602850693099060031e+00
3.648135947560092740e-01
1.386789881712946038e+00
-3.648648930543242908e-01
2.406806578923129880e+00
7.679934937073161771e-01
5.440334562168430699e-01
2.314854228131976999e-01
-8.295401325497563372e-01
1.059153839851370016e+00
1.149344934886786129e+00
1.055156385586946355e+00
1.602073194134308931e+00
5.147595836944121594e-02
7.838202916719358981e-01
2.223910387807458977e-01
2.846457489377121064e-01
1.117599937004717381e+00
-7.705952561941907530e-02
6.552966989905187889e-01
2.179415669663248012e-01
-7.414864314868854223e-01
5.006339893330703505e-01
1.572307729608629856e+00
6.942244196586093707e-01
-6.278581893218997401e-01
1.059836788814645658e-01
5.738590682703793577e-01
6.478049360556474845e-01
2.009704915908978318e-01
-1.188558208983734321e-01
4.172258268634236322e-01
1.333692773245792385e+00
3.267587761290622339e-01
2.419976736424640784e-01
-3.198717926913392622e-03
-2.840148795235791224e-01
1.106481983303625682e+00
1.314151965683698187e+00
1.049993154063354694e+00
8.450748087276843679e-01
-2.821052819625651659e-02
2.481385031190202484e-01
1.144760703606107599e+00
-1.797371750438511384e+00
-1.951746521001976598e-01
1.073386480023589273e+00
9.663607513781341529e-01
-8.661608016312161151e-01
-8.527049479599084769e-01
2.878060247216219225e-01
-5.173858054183854138e-01
5.537489543472700060e-01
-1.765166279616400269e+00
1.576262116182869377e+00
-1.853645440250411280e-01
2.522945503521392130e-01
7.396567836475601565e-01
-4.658780828431064447e-01
-1.411914852190860881e+00
3.328592204675713706e+00
3.981955113692248749e-01
-1.323044494696454354e+00
1.114060908477347012e-01
4.536476496218650456e-01
-4.973949545130535443e-01
-3.049657739374686538e-02
-1.121638301099033397e+00
-5.833515389670022033e-01
-7.964019331999605544e-01
1.506216976873504088e+00
-1.114366766312805401e+00
7.930327613353834737e-01
-1.392639654864806786e+00
1.116703819971202050e+00
-7.166690327420162099e-01
9.694396113602875564e-01
1.173469299723616244e+00
9.460066343253719090e-01
2.041551595423531928e+00
-4.663980456390103280e-01
2.416052050333957979e+00
7.824413006082001076e-02
-4.344103949577859392e-01
1.267941061895647425e-01
1.480860552419050347e+00
-1.893522823725292126e+00
-9.191601260226481829e-01
-5.877686792963348061e-01
1.858992620185519362e+00
-9.827044420953446879e-01
-3.019218273004033448e-01
9.083224959625658679e-01
1.990801263748792072e-01
-9.331667835078283346e-01
-7.559394677645249194e-01
-1.507294148561381775e+00
1.031855229737661528e+00
3.572167473571845053e-01
-8.417695776939395635e-01
-9.359254655635902420e-01
1.151460838924531771e+00
1.111684256002691162e+00
1.402409184086487182e+00
-6.338965409267469653e-01
7.556692410664418436e-01
1.295101089574982822e+00
5.139702255220379712e-01
8.294761012785806242e-01
-9.435449765556915835e-01
-1.819881698053491315e+00
-2.254232351005022450e-01
8.397044357676408666e-01
4.944695165178688567e-01
1.431192398380972230e+00
-8.055469619032098461e-01
5.309848821718219369e-01
4.983509119016191757e-01
1.030528540862428510e+00
4.147574899656384373e-01
-8.951537199487995256e-02
-8.680393810643612929e-01
-6.346846432218100631e-02
5.307901967641416308e-01
-1.327423648749451290e+00
-9.257387438835315008e-01
-3.481243373159861321e-01
6.569943040883075014e-01
1.674051095382249166e+00
9.129615084987373341e-02
-1.804754420133861670e-01
2.874482014413459185e-01
7.802762649273127238e-01
1.084491649119001089e+00
-5.598666200353184103e-02
-1.256962686519695893e-01
1.738469671476422507e+00
4.160447132499012768e-01
-3.679285509698962398e-01
-3.487742532205249241e-02
5.500967765235363904e-01
3.691357814648169727e-02
-7.027652718018070344e-01
1.402701996297184631e-02
-1.284597177253361977e+00
3.332972682315675228e-01
2.030395860433674926e+00
2.375122576194536317e-01
-1.079414305411694919e+00
-4.492641137281843666e-01
1.791190753874293495e+00
4.093337035289613679e-01
2.543080129685149626e-01
1.237401173484524025e-01
-1.800250626286653111e+00
-2.481513924382438285e-01
6.964464469852638118e-01
5.454676885947685738e-01
-3.970676847759744277e-01
-5.160974268786684416e-01
6.040420612639154641e-01
4.960840308609871796e-01
-1.049406047961738198e+00
1.269645956076165927e+00
6.772738451314012087e-01
9.001065729151044303e-01
-8.783250980776690087e-01
-2.194486888488874632e-01
6.863719640984278225e-01
1.118986185428304109e-01
7.885266924460794247e-01
-9.972665768745350157e-01
1.052529678394393153e+00
-6.757627826058620890e-01
7.380919619327622749e-01
-4.495952698566725858e-01
1.161589258393650459e+00
1.141227571671294294e+00
8.139042242269299565e-02
1.221604017220088823e+00
2.967202287475316225e-01
-1.378525993319487941e-01
1.295832300884737887e+00
-5.831577242708922970e-01
9.175148520991357470e-01
-6.423398077693484032e-01
1.900617234377067977e+00
-7.072699797122128373e-01
-1.110990934746450554e-01
-1.139484884695370681e+00
4.054263367340074642e-01
-3.874548180715666201e-01
-2.042925268166500885e+00
1.634928631541226141e+00
4.514059553127887647e-01
-8.771821052754951165e-01
4.777917601020902350e-01
2.982429339833947979e-01
-1.286202106636448739e-01
-9.973732689922485406e-01
-8.881968340399484241e-01
1.894791124451314479e+00
-9.107094027222781829e-01
1.081231073272079568e+00
-3.936488917107690555e-01
-7.216688684951767518e-01
1.343085109771800179e+00
-1.126474587886872714e+00
-1.130473668780869634e+00
-1.231535773393776401e+00
3.357262145942246923e-01
2.022175165604999769e+00
-1.056154362389698953e+00
1.708144364847885913e-02
-1.507714707106027285e+00
1.522997358426504855e+00
-1.999660236346163744e+00
-6.349872782261842818e-01
1.513049174600162194e+00
7.870895076279896818e-01
9.300427489620034516e-01
9.824236691041612901e-02
1.092511055442221546e-01
-5.301716137160116249e-01
2.136193303136076083e-01
7.278264301798893499e-01
3.894989735123844943e-01
1.345732427301682410e-01
1.425648310162934140e-01
5.248333919272484271e-01
3.221270218593890733e-01
-2.023125874166066929e+00
1.804648023749718944e-01
-7.716323461334194667e-01
-1.766865260788762770e-01
-9.639143720456897491e-01
-3.806785993901527949e-03
3.782251192142922491e-01
-1.988721715987253669e+00
6.528273501159417846e-02
9.718595722598978304e-01
-9.397399869672591610e-03
5.694453641754025908e-01
-1.052970402840306824e-01
6.353250004003107021e-01
6.639442934789480111e-01
1.701271478600523690e-01
3.375544926531125478e-01
1.821219044878445159e-01
9.289198319936778914e-01
-1.185734607972071669e-01
4.513097689196069462e-01
-6.892440984875854160e-02
-1.403365360044516452e-01
-1.962155709576006712e-01
-7.186575642000590791e-02
6.891201492586071509e-02
7.470483706104297239e-01
-3.116916878008097469e-01
5.251411511072355820e-01
8.259878315705821983e-01
1.631113254472054130e+00
-1.221436617128460467e-01
1.983834647296393250e+00
-8.757055048354397409e-01
1.572994971760455218e+00
3.676672959108898825e-02
1.740925456129613080e-01
3.390637144459108243e-01
1.195187130779567786e-01
-5.021647498499454132e-01
9.545740061363824358e-01
-9.341628770187294650e-01
2.444418606711842301e-01
-7.160642164692081479e-01
-1.004897869898332852e+00
2.221236545855086675e+00
-8.516576630479661958e-01
2.174393464942800502e+00
-2.665092874088734742e+00
1.561279978476410035e-01
2.232211089253238079e+00
4.288130993065850799e-02
1.895719953459030771e+00
-1.048726174970805891e+00
1.224259260631910040e+00
-5.290233627582630049e-01
1.311146486348626405e+00
1.780389846528727393e-01
3.221393515708421140e-01
1.637281871923178311e+00
-1.164937195490710897e-01
-6.413007805768359271e-01
-6.485740105126982513e-01
-9.492821057145839347e-01
5.742061621227981805e-01
-3.754443317027620908e-01
-1.116403584639953817e+00
1.325783581955580770e-01
-2.145569590843824148e+00
-1.078442775298880996e+00
-1.732661388080373177e+00
-9.811675494739242609e-01
3.012279139528520888e-01
2.435774763662138798e-01
2.217368653927408229e+00
-8.990672115043801815e-01
-3.647295875900936069e-01
-9.760601355688677122e-03
-7.925245171219865714e-01
5.224993129731141384e-01
9.571303234419644701e-01
-1.553099471954328681e-01
2.902180768583234594e-01
5.435637916528693880e-01
1.455174848238746765e+00
-4.909942718045832710e-01
-1.849572390965900759e+00
-1.358114050973005860e+00
-1.280820355332987492e-01
2.836799600980510205e-01
-6.087386369497728156e-01
-1.924731911272554441e-01
1.252073273387174224e+00
-4.403534518818950638e-01
-3.075262896549609826e-01
-1.367896982418888241e+00
2.063795089737752164e+00
2.127513857645030315e-01
-2.009555044925508405e+00
1.295164017006133594e+00
-1.972360140183777866e-01
-7.783455360713413818e-01
5.528452746916210497e-02
3.554388158808159393e-01
-1.500016856758374928e+00
1.277886262162165387e+00
1.309526114674635158e-02
-3.008696876762377292e-01
3.069223602400602546e-01
6.569856812049674755e-01
-3.066390721227096328e-01
-5.047896047513026480e-02
1.110268062207203421e+00
4.819087349298009082e-01
1.679965986767136821e+00
-9.961721486472069342e-01
9.613060437735843067e-01
-9.807107424784702321e-01
-2.581633136371134452e+00
-1.208586348463122073e-01
2.137034150551610612e+00
-1.769893320414609894e+00
-5.796501418736434985e-01
-5.256401976839891743e-01
1.540844191951771025e+00
-9.636078584696946558e-01
-2.009919852786019145e+00
1.606715278406352365e-01
3.736487778848991970e-01
-9.720112000394961482e-01
-1.839554373795033171e-01
-1.272823186850331467e-01
-3.684116828662911680e-01
-1.133990816496096565e+00
-2.066555006549771534e+00
-1.967025519111295973e+00
-1.962289970345651169e-01
-2.058357399210669403e+00
-1.103614342762407850e-02
-3.590792201989098098e-01
7.755025495192120477e-01
8.898650091743833812e-01
6.664983811982880813e-01
-2.364590384233607789e+00
-9.778809580666254497e-01
-4.895628465681302055e-01
-1.230259874474633808e+00
-4.604023561452594282e-01
7.289046299655385086e-01
9.390869250861497153e-02
-1.538988875638126474e-01
-4.271363850316534649e-01
-2.675361750581607412e-01
5.140708156687519015e-01
-3.114689125470779252e-02
6.952907289611356401e-01
1.044399723765292443e+00
-6.241907344163232230e-01
1.027021385502019157e+00
-1.399539972074349103e+00
-1.778216455417287012e+00
-4.953589698210483228e-01
2.321216188427178695e-01
1.214076538576533137e-01
-4.295406033904722864e-01
-4.194011653018669405e-01
-1.264332397553547427e+00
1.908144107314587723e+00
9.286504140241809147e-01
1.787109925121517007e+00
-1.119948567511249049e+00
-1.867187558499882605e-01
1.272110635212192919e+00
-9.644117225813428895e-01
-1.928355557123059283e+00
-6.084287000044500404e-01
2.517151828808387171e-01
-2.891379716902775510e-01
3.066275626201547810e-01
-2.303243834304334256e-02
1.801667502619214822e+00
1.939644563818927248e+00
1.644105838872864878e+00
3.495061851679697740e-01
1.071535520703510436e+00
1.584978773920275419e+00
-1.442597801573527683e+00
5.032322117022522967e-01
6.742016903471367284e-01
9.821191998780413046e-01
-7.084142208254192719e-01
1.197927288359953657e+00
-9.096403797122576407e-01
3.955142647041926529e-01
-1.472254298916553239e+00
3.257801094755639060e-01
-1.372553964603273613e+00
1.280900789204211243e+00
8.078749713715316361e-01
2.032361999462067026e-01
-9.268558656824750497e-03
-3.667177155143293010e-01
-6.277933475672006214e-01
4.893721056980975259e-01
-1.209270072299411192e+00
-1.594359478666020624e-01
-6.296621378847346850e-01
-2.431160696910289687e+00
3.227288681343406518e-01
2.448190572649910635e-01
1.369723826378761375e-02
-9.545368020579413360e-01
-1.914434658948623025e-01
-3.064307921500275880e-02
1.057431914859098043e+00
-8.176696335205493327e-01
9.327674317246217872e-02
7.469799171287903050e-01
-1.626022073576143256e+00
8.759964372302441182e-01
-5.413647990248707798e-01
1.951857638142739937e-01
1.082415720179368934e+00
1.076647024294774546e+00
2.209543816486524648e+00
-7.376735843701928141e-01
3.169433827404917747e-01
1.359037578865250895e+00
-1.151385127592158053e+00
5.949617889475418420e-02
7.644582735113778504e-01
-1.503493015344962436e-01
7.826320886232208673e-01
2.686996168353526504e-01
-1.157093575685350206e+00
2.656826149342049748e-01
3.908921041880022429e-01
-6.220798422132095551e-02
1.831860925874167212e-01
-3.129341850613941989e-01
-1.159608534199787266e+00
7.714568198393491061e-01
1.544924674866416270e+00
-5.770823672156509543e-02
-1.422349304823700367e+00
-1.594269671963836288e+00
1.403358594061435927e+00
3.736720316248294260e-01
-1.658440407486974078e+00
1.721841086180266656e+00
-1.169051974812401973e+00
1.343063589789134094e+00
-1.190846206812995328e-01
1.721937355644141687e-01
-6.892759016927487714e-01
3.373266928592215663e-01
5.873900925371160486e-01
-2.428813102349349773e+00
2.482901498244248994e+00
-7.275180321962567698e-01
-9.093061513774201021e-01
1.684155585742166672e-01
2.027861048885660489e-01
-1.797155351456551031e+00
5.016712145618537066e-01
8.131434190465089418e-02
-1.139283309591405668e+00
-1.500096311889318745e-01
6.203760956925280512e-01
-1.476263132259646671e+00
-7.875020637287731828e-01
3.157285184170569581e-01
1.772909595249803516e+00
-1.752962797043166709e+00
-7.463636000393150116e-01
-9.670583155637539896e-01
9.344792499710827816e-01
1.317448866014255593e+00
-2.978597515902144804e-02
-1.317232994970276294e-01
-5.856855015509976337e-02
-1.713963463910692653e+00
-1.291357077540110199e+00
-9.844013424200210860e-01
3.463523775694148932e-01
1.129779127001268701e+00
4.591159045366233760e-01
2.215417010031276446e-01
-1.185958687252517685e-01
2.069855140241988245e+00
5.165019296241668556e-01
-2.408746906290959444e-01
-3.414332860791021163e-01
1.669516520846768604e+00
-5.575845925533722269e-01
-6.484892958524957063e-01
-7.092801529842683861e-01
1.220370070632459114e-01
-1.287276975312186433e+00
-2.983030141813082237e-01
2.563426348199538740e+00
3.086455625974116601e-01
-6.690045665966096733e-01
9.414212911255787075e-01
4.064922693427335809e-01
1.634924880114387025e-01
-8.087184384531791448e-01
-5.828756831586059395e-01
-5.135046916373763315e-01
-1.192926125131034576e+00
-2.983133067698007235e-01
2.792893986720877408e-01
-1.862801582253671151e-01
8.510044344201129762e-01
1.349392216638084063e+00
3.049111204345119064e-01
-1.711562306827655311e-01
-4.864495589878230497e-01
2.319548888359471484e+00
1.863821814936567511e+00
2.311360784858490502e-01
1.571390966163136227e+00
5.171325414023929534e-01
4.546953167550829567e-01
-1.073726845278132336e+00
-5.621308206127711982e-01
-2.416563597991531753e-01
9.069653744256044314e-01
-1.282303928858388731e-01
2.166051414120094165e+00
2.850914951250621332e+00
1.470931287694112966e+00
4.109793209437893613e-01
7.238310714473701335e-01
-5.878592420781865169e-01
-2.254368511705395761e-01
2.306204980705667484e+00
-7.763114046075689778e-01
-2.278596068451215761e-01
4.451108318669216857e-01
-1.205501058471460940e+00
-1.524013390432747750e+00
2.629947157420806647e-01
7.993592790172275864e-01
-3.975378358306286275e-01
5.439068537013298510e-01
1.133554644070741357e+00
-3.715191543767610294e-01
-2.707144890056300546e-01
-1.000289659420438459e+00
-5.384318924722861777e-01
-1.446726563566199664e+00
-7.345073472797544190e-01
7.325068147525147788e-01
-2.396090601390878927e-01
3.178527272241555290e-01
2.459288591464883655e+00
7.735410769232118344e-01
-7.332958205866567658e-01
1.274176987926241900e+00
1.967765811628602535e+00
5.964070945876606133e-01
-5.603756001097669193e-02
-4.362878508714784220e-01
6.541772071403149091e-01
1.137898527407096294e+00
4.768966177063794776e-01
-5.050582482413508156e-01
1.444976761810718435e-01
8.246385594780526462e-01
1.466153124567233457e+00
7.364158058772171112e-01
-2.957709792657533532e-01
-1.257940821709349066e+00
-5.312418960829816683e-01
-6.833082688794051007e-01
6.790047106579065739e-01
-4.570837091219995263e-01
2.204850486002198420e-02
-6.881975541673793773e-01
6.883201166860877795e-02
1.809522756143479905e+00
1.140517954255457989e+00
2.094787663094714245e-02
1.876149292884984332e+00
1.973213854716000748e+00
3.415913763465504571e-01
-9.142182102795496368e-01
2.935210967442763996e-01
4.703584161604575931e-01
-1.315931553022036793e+00
1.180019824418154117e+00
-1.788753938428655044e+00
-2.747754876181790484e-01
7.035878667136580278e-01
3.567679666217514201e-01
1.035226602126020579e+00
7.796770751900550245e-01
-1.445563794593633933e+00
9.000939673802791363e-01
2.019093777665448564e-01
1.010237877993238165e+00
-9.403850274214275995e-01
1.612735928883989533e+00
-1.034675033308249253e-01
1.510250264635696116e+00
-9.471036576999246615e-01
7.945011741602362454e-01
1.149862048347136401e-01
5.216300117070560294e-01
-9.026412432411899944e-01
-3.612541582844279731e-01
6.711731536930928277e-01
-2.939554218191286483e-01
-1.192132733130096961e-01
-1.284074474005858502e+00
-2.746204129709653774e+00
2.118215588824308715e-01
-1.884131061952823538e+00
-1.882371583598835718e+00
2.612744179885405083e-01
-7.209050223102037025e-01
9.238598464985496861e-01
1.216232828961888585e-01
-1.541144864043979767e+00
-1.011285165262905794e+00
-1.163145706942348978e+00
1.941820922846873854e-01
2.720115587169244620e+00
1.767068990494550462e+00
8.857463920849645289e-01
-6.947165730415801876e-01
-1.457017713991602292e+00
1.036585161273122502e-01
-5.375902664727940650e-01
2.736824974163737934e-01
3.169061669766140565e-01
2.361164825294131686e-01
1.216391177709670979e+00
5.971107075882962079e-01
-1.681517029526645501e+00
2.839680123276996371e-01
1.177207494778500507e+00
-7.271285407166282466e-01
2.879626616013392648e-01
-3.069935096486548609e+00
3.191247126000478773e-01
9.554487433383302974e-01
-5.734496268017766352e-02
-9.969601923812990707e-01
1.059033712200336680e-01
1.073596519437049590e+00
-8.663407998421041034e-01
1.487114509169324972e+00
-1.162057256373452807e+00
2.714538533993420821e-01
6.674882302368657649e-01
-9.060940855720478471e-01
-1.476052446176388422e+00
1.989919608391138017e-01
6.092268485497129848e-01
-8.387127736942789902e-01
-2.759741138802841998e-01
9.728252043785541314e-01
7.290696396716934702e-01
-1.641056190266208858e+00
6.636627147411202632e-01
-6.226298194726766905e-02
-1.286067768946782763e+00
-1.556195284836001003e+00
4.885227505778982349e-01
-6.310316958150330446e-01
8.636891841390573754e-01
-5.046416244073184121e-01
-2.939734588471557344e-02
-5.891274916145403662e-01
1.713551655288685582e+00
7.566898944027785623e-01
-6.341973257586850377e-01
-1.191063263462362604e-01
5.659444487498012100e-01
1.176865420083595071e+00
-1.971383173970808755e-02
2.782760372385638670e-01
1.889909582820485934e-01
-1.498719106009813173e-01
2.352770932643840851e+00
-6.888668385706447905e-01
2.820797452864051702e-02
-1.546256202948130543e-01
1.242072014157740156e-01
2.012534418736111164e+00
-1.457334616047640141e+00
-3.491745698870360459e-01
-4.864852931858537621e-01
-2.200951623089788256e-01
1.100449391127811927e+00
6.122947553181687930e-01
6.127288666471395473e-01
-1.233481685324992805e+00
-9.477031194987405316e-01
-5.628286026971972555e-01
-1.155937380385521740e+00
-1.320467127728436552e+00
-1.669639296113687166e-01
2.039085130335331897e+00
-2.622115580352736286e-01
-6.597853567765282756e-01
7.121995060007648704e-01
8.085478747409328149e-01
1.656278564838694345e-01
-7.653411421015305915e-01
1.348854595647462462e+00
1.267602378843245337e+00
1.100944708494948854e+00
-1.427719125345361939e-01
4.493556353858926822e-01
3.721480650548211061e-02
-6.103661935456562437e-01
-2.667866453112016090e-01
2.206004328844113904e-01
-5.368213706042611610e-01
-3.837386856848049033e-01
-6.179430402261096855e-01
-4.190947274130610301e-01
7.555773374389006536e-01
2.612816266726591952e+00
4.634450064365993049e-01
-5.330555253365452106e-01
-1.955512110787420266e+00
3.710946811466189210e-01
8.361234218503299509e-01
-3.198315719634454157e-01
-7.769516827980046947e-02
-7.089658772930370612e-01
2.480799203657236066e-02
-1.175754539556308487e+00
1.331788728218117113e+00
-1.030800462480016222e+00
4.864858264500347973e-01
-1.695925865762667739e-01
-5.092387586360735963e-01
7.948558056512746717e-01
1.081450538327284772e+00
5.200988735119035228e-02
-8.465112864868665765e-01
-2.230991839506011043e-01
-1.517093955453703291e+00
-4.647439540601779329e-01
-1.119694454018945740e+00
1.346135939290646677e+00
-1.113555355844771944e+00
-2.363155147001646306e+00
-1.271941954517112061e-01
2.022487595336585620e-01
-5.070455420618823483e-01
1.211858595950070505e-01
6.619063754271337086e-01
1.242862770201047740e+00
4.978320390009650653e-01
-8.579401300807421027e-01
-1.171316299582569193e-02
6.152393001241662773e-01
4.412807880250293469e-01
1.324002189292356357e+00
1.121542819763313714e+00
-1.371748934029601574e-01
-8.708104631937048090e-01
8.908394246273707573e-01
1.295229832261933778e+00
-6.575734752490783874e-01
1.784624251408752360e-01
1.622317463188504449e+00
7.697226223324032945e-01
-1.945673164830436175e+00
-9.591732567513577834e-01
-1.046863750876215082e+00
4.682662932007066181e-01
2.307842557537513328e-01
3.327587996922456437e-01
6.562714107057580071e-01
6.977978338923955803e-01
3.800246426286220391e-02
-3.109541857328552705e-01
-1.953229010910547236e+00
-4.888360979337100926e-02
-5.589826510023740980e-01
-1.787155647218766186e+00
1.282860923964711741e+00
2.432605308854582371e-01
-1.015889474154410888e+00
-3.123061340962700605e-01
-2.987815101640809226e-02
7.063372540772661079e-01
-2.934158110804759301e-01
2.705083982054833358e-01
5.492323214306853441e-01
-8.268576636243561984e-01
-2.251463749134545722e-01
9.639786434953540040e-01
-1.752962335486700218e-01
2.734451736902211438e-01
1.485470168721363171e+00
-2.921876568602267341e-02
-1.624312095011165136e+00
-5.658057609218187789e-01
1.807408116980615764e+00
-7.325459925990711607e-01
-7.466632662356635919e-01
2.047273212722404256e+00
-1.641175768255519751e-01
-1.451157916984033180e+00
2.318833953780353507e+00
5.677405443152010456e-01
-1.940455472511714463e+00
