-9.650222154151558707e-01
-5.519962732967101937e-01
-2.228969413914366982e+00
-3.312827239250968336e-01
1.892865567164963236e+00
1.687253194065466699e+00
1.596443058671467297e-01
-2.628041525062639865e-03
1.416270515293361454e+00
-1.633960313753299642e+00
1.304259400831942584e+00
-4.873788149361931166e-01
7.487157077716278218e-03
-3.286693446873276692e-01
-1.517009462952620069e+00
-1.175631132358099101e-01
-2.976591177276926015e-01
6.447204572601086259e-01
3.317163454999689232e-01
-1.224150197141748442e-01
-9.054791786710207901e-01
-4.102642333253106455e-01
8.235775117702354153e-02
-1.302620816027072248e+00
2.253823448029631249e-01
1.358552110208009589e+00
7.675511081479990949e-01
5.967083150154796067e-01
-2.068482828762652770e-01
1.394491867888544290e-01
4.018683965359760579e-01
-1.872032835591312283e+00
-3.604817760541277052e-04
-4.291971965859187055e-01
-9.289368925061587401e-01
1.502855235048503046e-01
-1.358212292034147173e-01
-1.364938562397648436e+00
-7.109118535782312787e-01
-9.244243642698271035e-01
-9.481133180602890898e-02
-4.346056566384183251e-01
-8.833746727182391068e-01
-1.019172510596488834e+00
1.127111634382626848e+00
1.153487121260508674e+00
-7.983797212339805993e-01
2.009034771252578899e+00
-1.078333804938601093e+00
-1.313851921948778090e+00
-4.968058922006059475e-01
-1.310715589498915090e+00
1.014746419133336852e+00
1.213891582109177136e+00
1.449483655123534387e+00
1.430026762024241282e-01
2.628954458263287330e-01
7.749223412754596696e-01
2.611741168463087015e-01
-1.777913378041309778e-01
1.090175682516593691e-01
-7.056566131700552080e-02
-1.356771695358515162e+00
-2.731630317014365206e-01
1.427176888466338096e-03
9.716215592772554643e-01
1.585364532378919500e-01
-8.559762606707835841e-01
-7.568454131835001819e-01
1.534711017575844716e+00
1.116269771119040577e+00
1.537308861479941557e-01
-5.497773593085778510e-01
1.863635890421675226e-02
-1.597405423401312696e-01
-1.265940389394244914e+00
-1.990864400466916539e-01
1.263306980681065284e+00
-1.391582678402858209e+00
7.691618406322704438e-01
-2.680110775355554198e-01
4.048492974224821017e-01
2.196061794591578353e-01
-4.088309568256311421e-01
6.467287545111724545e-02
2.024163127166319409e+00
-1.197025730951816636e+00
-1.536847013809922835e+00
-1.068384070386363849e+00
-6.147886276384700865e-01
4.027781463179387345e-01
4.104510776670456940e-01
-7.873548670203116273e-02
5.006448742434993493e-01
7.419235923482758732e-02
1.295795345471475679e+00
-2.489350695137696953e-02
8.967978206324800361e-01
-1.717326915502835061e-01
-3.824999769717374321e-01
1.789109138258232257e+00
-9.661868629659156049e-01
2.306884617913369073e+00
-6.758009356595498507e-03
-1.924248968660728476e+00
-3.290796855906149010e-01
5.124583537331169752e-02
-7.517248068045976339e-01
-1.029274263645952869e+00
-4.799894508963608031e-01
-8.426287743843025035e-01
-1.321875038669969138e+00
1.997787928057244144e+00
7.221731625157302714e-01
6.923762157281628804e-01
-8.481785260131504689e-01
6.980905072851886217e-01
4.716829443684322221e-01
-1.411692404687070024e+00
1.792252577684661299e-02
-2.119519428921524451e+00
-4.588004356105538522e-04
1.183932673080889675e-01
-7.097878003216497866e-01
-5.896431082881773422e-01
-3.662092665202872858e-03
1.345023000794004719e+00
-1.256382230295874924e+00
-6.573516213009206188e-01
-4.081124489173052483e-01
7.607719992399851749e-01
-6.594022115590311706e-02
-1.995974875250390024e-01
-1.416317249746500195e+00
-1.400682529255493636e+00
4.438145031755278969e-01
-6.291875901182645281e-01
3.568218113964429228e-01
1.117775659361585738e+00
9.896272594217391250e-01
-5.231664042382869889e-02
3.959260056459534272e-01
3.728979709056624015e-01
-2.296088847667161481e+00
5.406028503089147508e-01
2.155244817966917026e-02
1.156844841556517567e+00
1.071567855310248563e+00
-1.697570415145805423e-01
1.100649021379211945e+00
6.257189910051539350e-01
-8.196115377242287892e-01
-2.643036117254714323e+00
8.413026907811188559e-02
-8.484412320685276176e-01
-3.159114127533358546e-02
3.185413855252890170e-02
-8.588986323694601799e-01
1.416009549081902907e+00
-2.477863930936269332e-01
2.028411827426737979e+00
1.553418651548555407e-01
-1.654621385972905756e+00
-1.285733106493827771e+00
1.517982256667095964e+00
1.790124717496823226e-01
8.067298704490875050e-01
-2.204230593262905824e+00
-5.793520589090572770e-01
7.291997524252227247e-01
6.216158963718139141e-01
-1.839869059166780341e+00
-1.204998261640322310e+00
5.189314439972603221e-02
-1.014426354939057973e+00
7.343767266832954554e-01
-3.775807729988249206e-01
9.541895394448265399e-01
8.914473435028185122e-01
-2.655642054708809777e-02
2.447200422977268142e-01
5.263242150446357792e-01
-2.846836795609969384e-01
-1.079704954521403248e+00
1.199506939469022981e+00
-5.751019312039910014e-01
-1.141121519800701645e+00
-5.137612910794845389e-01
-9.970560823510711268e-01
2.773781121624142587e-01
-8.222049510039393105e-01
9.490824923549300018e-02
1.235419008282075737e+00
1.097541985790593921e+00
2.144676032224520634e-01
-6.715353639515555528e-01
1.223383457554178433e+00
1.302899405395341992e+00
-1.877472073070738379e-01
-1.899259412139203906e+00
-1.692360575698657887e-01
-4.738322326171094390e-01
2.192962699428298468e+00
-4.493498215302781373e-01
2.049802351264034428e+00
5.990723276253645535e-01
1.191614068124816406e+00
-1.378364190636814035e+00
-4.848898413463524903e-01
4.086422567067547473e-01
3.886039404861668656e-01
-1.209359104541937402e+00
-5.973926416999946198e-01
1.424632405599477902e+00
1.020824514489111268e+00
1.183131600064894151e+00
-4.581150817910224493e-01
9.133420968654630823e-01
-1.016890532151532245e+00
-3.414135225547841324e-01
9.495974540906599870e-01
-2.291232679361975277e-01
-1.021200866921174732e+00
6.676843817445539120e-01
3.946380619171896975e-01
2.613058215711388521e-01
-1.614885299977832644e-01
-3.848474989355185616e-01
7.926691536838103014e-01
-3.931214345719317715e-01
1.637418905169794936e+00
2.199261686862572951e+00
-1.317051894065028872e+00
9.049470473166113527e-01
-4.435241877675737410e-01
1.090901490556506426e+00
-1.116456152630526333e+00
-2.435720349283873598e-01
-5.448183594275036734e-01
2.567262161310401511e-02
8.020141341368678400e-01
4.205246969486817199e-01
-7.271885817942682628e-01
5.630559189626691552e-01
3.176178647157166801e-01
-4.491429633309463876e-01
-9.233618685827301720e-01
-8.434668229105832249e-02
-1.768644301401532115e-01
1.551586605481213299e+00
1.866901247286745003e+00
-1.055673351902610246e+00
-1.282373775536545191e+00
-1.886371225257891471e+00
-5.765433844082040737e-03
-1.028609006900849332e+00
-8.847818617174093569e-01
-5.217725830518231689e-01
4.715897708858373116e-01
-7.495717182774996358e-03
-1.926467815385371818e+00
1.332044518663196175e+00
-2.661662265982189801e-01
-1.369552505329410530e-01
-4.383963345248138022e-01
2.286524961604007089e+00
-1.219861160806582356e+00
-2.638076298175072165e-01
6.892556339330860871e-01
4.265889525779161806e-01
-1.688782372510257312e+00
2.180516841239203418e-01
-1.809677742122241251e-01
3.022653685046928551e+00
-2.087021558935999721e+00
-4.326102773317869188e-01
1.292784002423414957e+00
4.598245261462367561e-01
-5.722608448413508964e-02
1.038130996308278320e+00
1.211365916662511477e+00
-1.256952874670580700e+00
2.237123696049932331e+00
-1.372937310804364541e+00
-1.430248297133906332e+00
-9.553513044295851575e-01
1.746293432961248060e+00
7.757922447402583188e-01
-2.375940797427616435e-01
1.812235583679381090e+00
-1.577123820356580719e+00
-4.291055700667821826e-01
7.605992861701200980e-02
1.957454622914011511e+00
2.099611211074846606e-01
-1.037922977655777901e+00
-4.987223928355190572e-01
-1.095350419080642901e+00
7.226425861282096408e-01
-1.542897849021722001e+00
1.598933718404083604e-01
-7.776546135549072813e-02
-9.809431063221373259e-01
-9.152107515558673967e-01
-1.166920352710472120e+00
2.032079176946662846e-01
1.616834660768962983e+00
-4.481278453617427160e-01
1.200362183405853989e+00
-8.098885503745700820e-01
-9.517525731240754350e-02
1.731773461054694430e+00
1.406091080385856396e+00
-1.077055131581588610e+00
-1.640162344792280569e-01
-1.342441365048999469e+00
-1.523718909730506388e+00
-2.357704995602349918e+00
-2.376254338327347254e-02
-1.290097278758315147e+00
8.308693952010940409e-01
-4.793359293075555860e-01
8.801691969087291345e-02
1.369493424187721908e+00
-6.159108580069292405e-01
7.273837526420477984e-01
3.511873616425961186e-01
-1.398993416915734755e+00
-8.562889140968328594e-02
-6.011077356937392230e-02
2.411912036603648612e+00
-8.107126461477309753e-02
-2.861184145366910681e+00
8.990600464479634457e-01
1.752388743069705157e+00
3.340544374000757599e-02
2.934675934641530759e+00
-9.501624243601811681e-01
8.850336735532482457e-01
-8.614314937016706586e-02
-1.257896818272506101e+00
4.553612278076941688e-01
9.323352722928729408e-02
2.631137271626518906e-02
3.877172731526716265e-01
-4.700878521787379416e-01
-1.653631811530671680e-01
1.536679454506394982e-01
-5.197390378666418703e-02
9.967902317109849086e-01
-1.112156765847037931e+00
1.579489034721319740e-01
-1.787710809907834486e+00
3.797206465011088161e-02
-2.454362686524332871e-01
1.687722128411069944e-01
8.772695452919234693e-01
9.039500853476096776e-01
1.083322213162202230e+00
-8.383574188052012044e-01
4.593633108789876296e-01
-1.263804007634257154e+00
7.507642907558932377e-01
1.941823179658703546e+00
1.035675206399548243e+00
-1.192073933387101992e+00
-1.325280924851456321e+00
3.108972219127384418e-01
-9.208512414487310949e-01
4.126917233319507550e-01
5.109079839579715454e-01
1.542095381290730760e+00
7.812596008779253420e-01
8.600995150059114192e-01
-4.529728368476406697e-01
1.597916688781815919e+00
4.408836801808641570e-01
9.628073512983936766e-01
-4.164283400286482584e-01
-7.067218559912414877e-01
5.827048344892260534e-01
-7.684790112478747659e-01
1.672666042285095994e-02
4.561998941826710396e-01
8.603157525971752984e-01
-9.979904583259003870e-01
1.110094631225706507e+00
-7.090064288937758530e-01
1.677603208498466669e+00
8.486258274634321808e-01
-1.230364059855672876e+00
5.092793226754764868e-01
6.217162085252523340e-01
1.105070471002988608e+00
4.405699676357512362e-01
-1.901623308734450513e+00
-3.893213577947687853e-01
6.441046655595486503e-02
9.771701797527991840e-01
8.595607076049001094e-01
1.768269999704228823e+00
9.698670123034121016e-01
-1.237444263532683913e-01
-8.220974107902189187e-01
-3.761432649862876954e-01
9.157156020869705593e-01
-1.599869090110949132e-01
3.996072957026818306e-01
-9.604405604472529001e-01
3.622197306008252959e-01
3.491164448746408161e-02
-1.070581333695216353e+00
6.643897602266084501e-01
1.305491278224536700e+00
-7.329393260106426000e-01
2.806392909761083465e-01
1.882829585064056843e+00
-1.633751837569480392e+00
4.333476648179420132e-01
1.951129842239328838e+00
-7.304902944870828030e-01
-1.026610617327695207e+00
2.825788264879294243e-01
-1.867471666921559414e+00
-1.310271250339169358e+00
7.728795348372139440e-01
3.899463621465961150e-01
3.355225257793301163e-01
-1.902578713307466529e+00
1.157830288595428359e+00
1.101849930357211571e+00
-1.225111791360689928e+00
1.243454354309841525e+00
-1.137812971142152962e+00
1.425216025439594580e-01
1.754386761569699527e+00
-1.484107683099619712e-01
-2.681384697448107035e-01
5.246058989211543899e-01
4.714292601664861193e-01
-6.736289685666941862e-01
2.651083968008023373e-01
-5.777651344221415020e-01
9.582426606174903050e-01
-2.157534985461101174e-01
-1.788349658199681336e-01
8.164139625008188794e-01
1.194109199993316439e+00
2.323288821306093987e-01
-1.333072279827022477e+00
-6.612452458769159103e-01
2.783114503653904004e-01
2.421352392662510677e+00
8.842086087512690540e-01
1.028312531788504902e+00
7.512501796918413799e-02
-1.937547725344286598e-01
8.181089822698919267e-01
-1.105214431177180323e+00
-1.015747220426710618e+00
1.202536790357596308e+00
5.036588822338666782e-01
-1.369774962761597603e+00
1.391952027291174732e+00
5.745951192902593041e-01
-8.767512948373883397e-01
5.016827775476037088e-01
-9.465387586881680582e-01
1.045766748143486247e-01
-2.813810653907248827e-01
1.610024877595250370e+00
2.570354341970137457e-01
1.264767024203511947e-01
2.464048370270528476e-01
-4.387944359826233542e-01
8.056383089532125064e-02
1.193738272892902019e+00
1.089923756021210943e+00
5.406961392778649594e-02
1.054795124727526540e-01
-2.779350531095428067e-01
-3.060439910397724228e-01
6.902597796951602804e-01
-1.343694315591610788e+00
-8.608145373404288980e-01
9.716826202063201245e-01
1.510836795883544914e+00
3.592726292599909832e-01
9.953307857599387187e-01
-9.819643430890842573e-02
-2.094213125881119186e+00
-1.127910728612620872e+00
-4.654985505264236934e-01
-2.536837188390686504e-01
1.611666907689470518e+00
1.273767088410031612e+00
2.317301396042260819e+00
8.091693047047845977e-02
-1.110722693690858520e+00
-2.101461015629426388e-01
1.437492593583913347e+00
1.250503892601838307e-01
-3.135556189759276524e-01
2.788237915747813767e-01
8.481043788369178049e-01
1.369935110188332139e+00
7.840374704068511225e-01
-9.852044116059162082e-01
8.782768585756388635e-01
-2.519987215396620739e-01
-1.206787208704961589e+00
5.172126349169302584e-01
5.827016682191504815e-01
2.172900900747710473e+00
-2.689649752764319279e-01
-4.997004478108127423e-02
2.066321480894097284e+00
-7.388871525308755572e-01
5.524988770518067804e-01
1.136472883516492116e+00
-2.041045425974774119e+00
1.999029639281771464e+00
-8.822120573237413055e-01
1.263304833643449809e+00
-2.461758522771144778e-02
-1.617817558494057062e+00
-1.912287996746766305e+00
7.764232213051390774e-01
5.400162282850826667e-01
-5.933668299093813880e-01
2.622204039253547059e+00
1.191941936596809581e+00
-7.598082747746721655e-01
-9.299502132078913963e-01
-5.479214984735453382e-03
-1.122363710428828210e+00
-1.006663543623264934e+00
6.911856033203981342e-01
-9.536556435462661963e-01
-4.542788811520899195e-01
-2.335588498667472646e+00
-8.859595285665314846e-01
-1.549209937397207915e-01
-3.291844151169412980e-01
-2.739270872261026848e-02
1.421857596883289387e+00
9.980796579258092160e-01
-6.711696610244061167e-01
-2.091025709994295267e-01
-5.820383399155689697e-01
7.787459729859438351e-01
8.891473615731669833e-01
-8.249858398616961574e-01
9.541463302137805913e-01
4.315657639062893125e-01
1.077568257751053249e+00
-1.078961950606433240e-01
-1.097152760279420866e-02
-5.754841818917936225e-01
-1.072222555856986004e+00
-1.131490805999871396e+00
-5.727199573404424537e-01
6.712819097536067980e-01
8.920657773538717139e-01
4.333900862214833949e-01
8.042251436618340632e-01
3.451099048110798928e-01
-2.477196406857051503e-01
8.463308254466548330e-01
-6.155349196757726737e-01
1.097827235528725520e+00
-9.544709272736300321e-01
5.715428606586221705e-02
-3.677990784213684972e-01
-3.773241660781700979e-01
1.068323847160036033e+00
-1.469856622037863103e-01
7.835114754925289748e-01
8.555498773071900098e-01
-7.297921259946933414e-01
-7.458594158193306844e-01
2.636754829107870735e-01
2.545585611033056028e-01
-1.176313549382342893e+00
9.939280151859772872e-01
-6.665473517541133097e-02
7.886394535207493783e-01
-6.301384304997308394e-01
-1.630472170568701085e+00
2.454483833876892340e-01
1.475861717566689935e-01
7.366742761879390144e-01
-9.980002436716262082e-01
-7.465166234255090627e-01
5.955314269417018025e-01
-2.886590704362910209e-01
-1.424007645630972041e+00
-1.205261366999285100e+00
-2.139405619790228474e+00
8.493704515925645238e-01
-5.473847050364628597e-01
-4.571214080930656176e-01
-2.735335891539786846e-01
-6.035288421193851782e-01
9.182962161150415303e-02
1.906134335732371510e-01
9.810610069431720259e-02
-7.709003305759677405e-01
2.230763795982937114e-01
-1.252097263143449150e-02
8.718418207820568533e-01
1.316082473202092151e+00
2.657301566846647090e-01
-3.716457970387911369e-01
-3.046021079999862380e+00
-7.839831581363042590e-01
3.318261840104533289e-01
-3.810355734994279597e-01
-1.475792039865142291e+00
-4.624179658444543262e-01
-6.248722921516032258e-01
-1.426667106673807695e+00
-2.114967839919881798e-01
6.857656311161069995e-01
-1.196187041895609759e+00
-1.349332421101133994e-01
-1.982967003845178766e+00
9.543555915189323446e-01
-2.552386515629885277e-01
6.813032537456359394e-01
-4.411706785248753482e-01
3.467193580322793789e-01
5.865946512868204232e-01
1.715373418665959784e-02
-2.423478398936682876e-01
8.861341063883010349e-01
1.464155257200999483e+00
1.127141607422867287e+00
2.315121723780126303e-02
-1.048479135548023189e+00
1.389705327339733509e+00
-5.037545259503058981e-01
-1.248718595865195624e+00
-3.153199842566384303e-01
-2.995191257296314080e-01
2.388198425366845346e+00
-1.368007287882578638e+00
4.115051160902272742e-01
1.363833136426726877e+00
-9.386396515947589281e-01
-8.642073843001514544e-02
5.288623199321090818e-01
-8.006025375794002530e-01
-2.081578575534462350e-01
1.737447600795525016e-01
-2.955255162390597601e-01
1.236532165824880680e-01
-1.497059946445995493e+00
-1.478290156655014953e-01
8.533948262064737500e-02
6.488849110298265943e-01
5.670811253449563605e-01
6.716689126277288757e-01
3.200784560353601704e-01
-1.313525213885402998e+00
2.711389023314197955e-01
1.663226021022539580e+00
8.141692662157045124e-01
-2.755241557582940870e-01
-4.675462019396334767e-01
1.048304576334405623e-02
-2.650984124470150416e-01
9.885388366386783643e-01
1.018489676791942244e+00
5.507867993833079900e-01
6.905057882014777881e-01
-2.178400004913351728e-01
-3.750523405397337418e-01
9.024047867501423514e-01
-1.315002632558133433e+00
-1.329672567585336918e+00
-3.877235667287698972e-01
2.850224681502590673e+00
2.184592122933239622e-01
4.322837779906971711e-01
3.223956929799938753e-01
-1.407893518433853478e-02
5.165209199118151462e-01
1.942101539530107335e+00
5.059469940986723868e-01
6.580508180892040704e-01
5.276150205334941834e-01
4.280491898610104262e-01
9.008384071651626135e-01
-1.012263783386004201e+00
-8.577304173511062224e-01
-1.225091147599238095e+00
1.569667964474771027e-01
-5.373273066503497092e-02
5.890126076190048687e-01
3.607394101794840213e-01
-6.529466267052110862e-01
5.382824677163270399e-01
-3.180089983214596239e-01
-4.963086228482335160e-01
5.803852063613154089e-01
1.201380596065341866e+00
1.338539533011118277e+00
4.074951770158604103e-01
-1.662499453462139842e-01
-3.919232044432555684e-01
-3.440991687795691423e-01
-4.308028228511378566e-01
-5.461368320582726810e-01
2.908898303871735314e-01
4.712801456701889435e-01
-5.527719595752140780e-01
-4.514148858529559161e-01
1.490255356134218223e+00
4.787682149657822572e-01
2.325602343276490236e-01
-7.629049978491594941e-02
-1.021756886888444349e+00
-9.201559831523694610e-01
1.920234277878256901e-01
-3.945532301082838589e-01
1.077390213265954216e-01
7.245527954308841889e-02
-1.926916332526659170e-01
6.199321089760888581e-01
2.582144657075967076e-01
-1.045109759076340739e+00
-6.009810501843357300e-02
-7.159754745258274378e-01
-1.041052631147630914e+00
-5.392047163584773317e-01
-5.939177025195097048e-01
-2.549498756686697232e-01
-2.263631101488782216e-01
1.760480305892871966e+00
9.430368002293124663e-01
1.041327145712175550e+00
-1.391881511828280793e+00
-2.711062512288905380e-01
8.263383617584549867e-01
1.260918948740222811e+00
8.513077546197407308e-01
-5.862717255594248611e-01
-1.226119295638046003e+00
1.312002677919158256e+00
-1.776027522573192741e+00
-1.325190723847513130e+00
-2.825465414753970395e-01
-9.176779013827839337e-01
-5.669580772463744811e-01
-7.193544538080403061e-01
1.206549050003779433e+00
4.721474383093771099e-01
1.146778166155255629e+00
-6.975568069554487494e-01
-1.578148876459930294e+00
1.062591647200794354e+00
-6.292158835785167659e-01
-1.015075593009965749e+00
-3.619451711594486865e-01
-3.242593222589361113e-01
2.696218880782412786e-01
-7.796293120025122800e-03
1.395896319981613676e+00
1.761354421111262392e+00
-6.462569051529395425e-01
8.880894707822860612e-01
-4.470853079025544075e-01
2.926529448688997004e-01
-1.164515102128365287e+00
-1.534197161169572832e+00
-5.835389941950402948e-01
1.349074503576815909e+00
1.679026964864434923e+00
1.045575626443822292e+00
2.826240521618281210e-01
-1.022353657368076707e+00
-4.356532743821920906e-01
-1.565649806977285730e+00
9.660891046339425969e-01
-8.111831285792847623e-01
2.035021103274670118e+00
2.468806668850994646e-01
8.033432866851236698e-01
-2.113225347978353943e-02
-4.320271902266826225e-01
-5.086705266412482745e-02
9.326929813021325177e-01
6.445284297967835974e-01
4.230156358193618016e-02
-5.109885681068478958e-01
-9.621466273568477501e-01
1.128183736311657581e+00
-1.525414982529876839e+00
6.053011604631469700e-01
2.189116115049084765e+00
-1.808946210499233764e+00
2.263592126216012801e+00
2.273116933201186352e-01
5.512532474905550428e-01
-2.608460354928384128e-01
3.305106611685628137e-01
-8.050728522443363344e-01
-3.112046776213094335e-01
9.598187802007588365e-01
-8.593458641607101267e-01
-1.181786218028839874e+00
-7.277014317413639521e-02
-1.678925261686280868e+00
-9.247136822497750153e-01
3.900925033170412615e-01
-1.248350936710845183e+00
-1.386617877183216052e+00
2.349793666553392946e+00
2.472859493301650113e-01
-3.042197226234057417e-01
6.931587843624416045e-01
-5.746510878019347457e-01
3.981269963843078741e-02
-1.938714376439550025e+00
2.782437532344172459e-01
-4.651699582699955204e-01
1.803150281812746503e+00
-1.807480044924101859e-01
1.210257162490946170e+00
2.652827458031877805e-01
2.054133067903419096e+00
-1.097415827322252957e+00
-3.912979818959141376e-01
-6.854256307835512319e-01
-2.318530940960507047e-01
-3.033958157982875603e-01
-1.090303512895896887e+00
-1.852522861119655084e-01
5.937263794987297505e-01
8.309679544070243118e-01
-4.553270524300787048e-01
-5.680661340783054181e-01
-5.402894136243595602e-01
-4.653510235322341204e-01
-4.774980064286460935e-01
-1.554032857515308674e-01
5.736264309893136515e-01
2.726653595284365683e-01
-1.284903019577830596e+00
1.659284748227444206e-01
7.354314302037263662e-01
-8.793123302691323584e-01
-1.243857761076658797e+00
-1.881177058747190434e-01
5.784334472033572094e-01
-3.677490246440368038e-01
-9.469024779682370108e-01
4.719904092230806092e-01
3.958315937892631919e-01
-1.018793811413259975e+00
3.039201278440703535e-01
1.733263008095534685e+00
-1.492354772393488682e+00
3.890301647314619582e-01
-5.801533369456313149e-01
1.490150869775872966e+00
6.978655779388091007e-01
2.260200367708322666e-01
1.027155094951323511e+00
5.364810718436499037e-01
-9.106505159297718921e-02
-1.661623698184727882e+00
-1.514942314123244760e+00
-8.814502789836553553e-01
4.249081129757477093e-01
1.068435533231764767e+00
5.835089876189151203e-01
-7.639209569160316793e-01
-8.285849400520337582e-01
-9.780500286756885764e-01
9.259897161703928292e-01
1.123010548594746805e+00
7.261355235134040464e-01
4.342392682511105884e-01
1.087321782125388880e+00
-1.429723676381309039e+00
5.179571193613531355e-01
-1.288684200331018381e+00
6.804633986228274534e-01
-1.498496724985365347e-01
1.252096225438085464e-01
-2.015049704634792604e+00
1.814473904118326653e+00
-1.443142293706440427e+00
-5.372430251086678377e-01
-6.445745465625328796e-01
-4.735470375364794759e-01
5.691424849080033432e-01
1.197812933203344476e+00
-1.537067343622057436e+00
-3.334060980969907884e-01
-2.120883657659022870e+00
-4.096850749575106088e-01
-1.369248938341224298e-01
-9.309090359467996345e-01
-4.040652445511334623e-01
6.198199229043988012e-01
-7.350610933421155568e-01
8.896419790615617273e-01
1.363923780676142838e+00
-2.192161131839572563e-01
1.356453515593120385e-01
-7.651266791966133685e-01
2.573877321863586864e+00
-1.101014782507945822e-01
-4.144155793331589788e-01
-2.004315005854570286e-01
-1.002572652200948822e+00
7.822577119677650570e-01
-3.547191011645647318e-01
-6.415475702253718993e-01
7.630299453148611244e-01
-1.927362128506756589e+00
2.323575346849319490e-01
8.589804961429226005e-01
1.465825158160795061e+00
-4.855864111419425089e-01
-2.387365777006688727e+00
1.715443919350505275e-01
-7.189977773433002817e-01
-4.678048561438604147e-01
-3.819125294659685976e-01
1.872601324403800227e+00
2.055059192238343491e-01
-4.950851444867225282e-01
-2.365482559864706680e-01
-8.743483146444263054e-01
-1.589806583281525576e-01
-1.671270422058011240e+00
8.072842211460731221e-01
-3.603361089044239685e-01
1.361381724033023377e-01
-4.264644629740322879e-01
-1.105177733502925363e+00
1.786838566448301427e-02
7.110236848660783648e-01
6.981605533116224116e-01
-1.242145728011991412e+00
-1.340264954105895745e+00
-3.186272312973292137e-02
9.269184517943737101e-01
4.818743103328110289e-01
3.013936138565156408e-01
-4.364197184935469931e-01
9.035286198801160962e-02
1.144407513661407805e+00
-8.849850718217922019e-01
2.419878335612850595e+00
2.429124916350373919e-01
1.299044741447807239e+00
1.575220733274555585e+00
9.801299865421414514e-01
-1.155172218985220933e+00
1.961960449830019437e-01
2.408760313140390963e+00
-2.229229436485881122e-01
1.206503778853340592e+00
1.194221120179133067e+00
-1.123492230013827392e-01
-1.859784427637739324e+00
7.629531436315949433e-01
4.090172252487354054e-01
5.121736510019635480e-01
1.597986982860049920e+00
-1.044655912631879513e+00
1.154681925253631558e+00
3.719633875894916564e-01
-7.224969165020748152e-01
-1.200322405518330138e+00
-5.570697777890109004e-01
-6.363516202829722079e-02
8.319361692426483490e-01
-4.575905126859360905e-01
1.534391128195724402e-02
2.769217827620141237e-01
-2.685136116926514216e-01
-1.617086113758346155e-01
9.031751161938216255e-01
-3.432806761635034953e-02
4.557702374285887287e-03
-1.046777721100760283e+00
-2.856833377460104018e-01
4.858967953744982582e-01
2.790734574837722831e-02
1.624266463998053356e-01
-3.099466651243265591e-01
3.005672797360589565e-01
-5.548029875269266942e-01
-1.209930525817998648e+00
