-1.790096189656442405e-01
5.652358547103993741e-02
3.223416009674263671e-01
3.611845308330762783e-01
1.447134301612480189e-01
-1.136038688124681117e+00
-5.602900541023939640e-01
-1.475698209543144568e+00
-9.003109097666796290e-02
-4.975976780412688094e-01
2.290106818437482594e-01
2.015324769430744956e-01
-8.505068048444602846e-01
8.408690225633483895e-01
-1.216366923016763413e-01
4.745456801448289519e-01
8.763099311926797474e-01
4.433166824111436921e-01
1.310681199011060061e+00
-1.132188435127627679e+00
8.185651540285043826e-01
7.040912733819257863e-01
4.311903707808743824e-02
1.300628411101801607e+00
1.749697266641002669e+00
-5.251047469872194284e-01
3.052046467214400982e-01
-1.862550009891439651e-01
1.156923806132400395e-01
-2.492608158557728382e-01
-8.579088218430998003e-01
-1.584448225730808124e+00
8.177261776752977607e-01
1.642356886173331088e+00
-1.532692951516348101e+00
1.552815104450382622e+00
4.722335629890604403e-01
-8.481403347239067081e-01
-1.025782234234073886e+00
-7.200123893833748623e-01
1.130529552323893995e-02
-9.988581223614929616e-01
-3.393059602460161139e-01
5.467566572615764620e-02
-2.251781068485819715e-02
9.558761164095483931e-01
-1.096249696459858258e+00
1.537150985798513503e+00
6.225618506668391117e-01
7.865404315090824827e-01
5.233593572578982833e-01
4.624098973284390679e-01
4.786915336864596138e-01
-1.228808847450095998e+00
-3.936595199082335572e-01
-9.625500566221525389e-01
-9.312970277347448755e-01
-4.931971577960424513e-01
1.110991197676715059e-01
9.695032749149440354e-01
-1.162363723762645518e-01
7.796527809438964507e-01
-1.132819211974773754e+00
3.291438754639912090e-01
-1.131715189668219379e+00
3.095944741942283640e-01
1.407486372255705609e+00
-1.796954862866702654e-02
2.224162454769210928e+00
-2.311648259316340659e-01
-6.045227686910632503e-01
-1.519837677766238793e+00
5.719295979531605623e-01
3.962739282564641252e-01
-1.065948925977414641e+00
-1.154153765614283733e+00
-1.248821447150805231e+00
1.820062003307555187e+00
-8.207824418099169961e-01
-1.711896725273898578e+00
-9.264138615452327530e-01
1.441235853172030845e+00
8.267088104596824749e-01
1.211414870660586729e+00
-2.383187630792238942e-01
1.021496615765686400e+00
-5.444681264366451057e-01
-7.809041406905981031e-01
8.764876803319315846e-02
5.561732026657745243e-01
1.056200028626683995e-01
5.812633265081268430e-01
-7.478179571389192981e-01
4.463354662531160977e-01
1.102974040154203861e+00
2.374699322491992948e-01
-2.695745024839581866e-02
-4.059780503859448664e-01
1.965208469658933366e-01
3.415321674657206263e-01
5.382788635809375721e-01
-4.122996932742145071e-01
1.385842308966313219e+00
-1.317449001622921445e+00
1.370682066755261941e+00
2.932862616591364047e-02
-4.745760076031928509e-01
-4.422805804504210681e-01
-7.965117693425947110e-01
3.068694421102468456e-02
-1.893272506860904203e+00
4.403443647270414291e-02
-8.665096452798923821e-01
-1.093463198234228551e-01
-5.222700901219295977e-01
-1.155631488734015555e+00
2.476046133718767805e+00
-2.247696181203988341e-01
1.404469051802711421e-01
2.023115456790211819e-01
1.087605900664914138e+00
-1.035474386687649018e+00
7.256107922637126117e-01
-2.180462728211801093e-01
4.925067998869819275e-01
-2.146418594039031513e-01
-2.302408968842878101e-01
-4.906232278711694095e-01
-7.597039673559974338e-01
3.367980344403768145e-01
-1.147059974928155368e+00
2.453932264490905069e-01
-4.287438017362869003e-01
-2.453080751264891668e-01
-1.767466287635112779e-02
8.398658669315151037e-01
-3.360087078170856389e-01
-4.900581244702301165e-01
-2.740334107322242030e-01
6.949753284628331640e-01
1.430969638793281096e+00
-8.032998143649330292e-01
-1.138277514650851918e+00
-4.476354864365642006e-01
3.619297180713409445e-01
-1.457934015362717606e+00
4.143661045799792442e-01
1.553089727131701459e+00
-1.844576467663948005e+00
-1.420995979904883244e+00
2.344559131656235085e+00
-5.784497593015288514e-02
8.025994567433354376e-01
-3.369477747595185924e-01
1.916524040129146567e+00
-1.855439135913962423e-02
-1.174102806015812739e+00
-9.635506834426319500e-01
-1.704977484980362945e+00
-1.552838493024853772e+00
1.723232519295128551e+00
4.820781051760866104e-02
-1.517387359682749626e+00
6.609493219818143861e-02
-7.081951194771284319e-01
5.327398332519810431e-01
-8.623538010179524482e-01
8.579889197106757015e-01
2.486225771996040668e-01
1.245545441097377859e+00
1.810906543214246822e-01
1.996848193955302886e-01
8.489407590684977523e-01
-3.213681078748545916e-01
-5.897546743323777152e-01
-1.223842252741917713e+00
1.584998233540003687e+00
-4.918293075386704905e-01
2.966828737211846256e-01
-6.751685285213079313e-01
-4.445226044028046664e-01
-1.186517818081807896e+00
1.364640690831070646e+00
-3.344951917840557898e-02
-1.621473349512088546e+00
1.565278322175822412e+00
-1.289765513283974152e-01
-3.778430088116060959e-01
3.911269880819880362e-01
1.771236729921805142e-01
5.741346774434289424e-01
-4.362574674901478211e-01
-6.218594733022708709e-01
2.249887017878912321e+00
-1.712316093939153516e+00
1.063814136901541474e+00
-9.863532191563456619e-01
1.103997845109870313e-01
8.785805253049280283e-01
3.686634667265373810e-01
1.066495456068738273e-01
5.673065590052354112e-01
1.783189495399166269e+00
-1.850283220085354730e+00
-1.068490736923680906e+00
-1.138666195052116414e+00
4.554667468095799365e-01
8.923918876944285650e-01
-4.720117555710275359e-01
1.154454922342182527e-01
-2.656880872546114047e-01
-2.367281706638812433e-01
1.085143060806694620e-01
1.093586941247660371e-01
1.094451064350618230e+00
4.468532719581651547e-01
-1.793051412377518972e+00
-1.019039433133991812e+00
5.050047262060753939e-01
-1.070358771626736871e+00
-5.584431407948417178e-03
8.575744401049217869e-01
-2.372877249128287069e-01
-2.067819446408886500e-02
7.166160992157514231e-01
1.953948067750614692e+00
1.467672648619436471e+00
-7.599124541924565657e-01
3.371175490552915655e-01
7.981622240501229371e-01
7.688870015919347933e-01
-1.374728253006303635e+00
-7.376660548565442399e-01
1.073292770906856708e+00
1.117672497897598483e+00
-2.047166384882490864e-01
-3.276368724838863988e-01
1.191641724030116478e+00
5.447435428802904767e-01
1.774135512405780490e+00
-4.565055035818634255e-01
-1.597913854831607972e-01
-2.039929381625900373e-02
-1.166894018252387699e+00
-6.537549448031342303e-01
-7.285867494616574680e-01
-6.132958025530573787e-01
-5.261513981342661461e-01
8.253507071377417237e-01
1.545048234125433462e+00
-1.112149519220010596e+00
-6.813218510593951893e-02
-6.192135902904480904e-01
5.919479386651369524e-01
-6.829893586689667062e-02
-8.632254192742153664e-01
-2.434731444321728000e-01
-1.000610116395845628e+00
-6.666063029746589486e-01
-5.876316570856667809e-01
-3.923816529565756217e-01
3.590523195624019670e-01
-1.904675787654076524e+00
-9.699659546785028841e-01
3.308129687806310448e-01
1.058367456465338918e+00
-7.689914043554422207e-01
-2.165692012234113228e+00
-4.092299235818128711e-01
7.165801244328594277e-02
9.369781229658530330e-02
-7.133902902725790529e-01
-2.140414188251074656e-01
3.196886446198445864e-01
-1.480878255485556627e+00
1.731924363164654979e-01
-4.306826770873373733e-01
-3.255587944840980519e-02
-3.777713225375237682e-01
-5.058717067502099818e-01
-7.528291874844342813e-01
1.809155688813582907e+00
6.727226750063076688e-01
-1.271448472059032886e+00
1.364536639857741873e+00
3.310920417351499445e-01
9.564089777473666620e-02
1.946427693107303680e+00
1.101296730578680272e+00
-8.556993478306401668e-01
-1.432702818010014534e+00
-1.157463629424410057e+00
-2.515491630310809357e-01
4.927290753948914137e-01
2.681928932837960300e-01
-1.517129240629223608e+00
-2.701835178302317564e-01
1.271548046676185484e+00
2.978448084619031433e-01
-6.722689774526732220e-01
1.150890409909151035e-01
-1.216777895009149013e+00
1.249547813077263703e+00
-5.311090010101067183e-01
-1.465147767291027581e+00
9.551853372023896283e-01
-1.002568854236910223e+00
-1.808559567832604742e+00
6.504939511840930333e-01
1.840358120783756046e+00
-9.212873533186723973e-01
-1.960090933831821314e+00
1.614221628054067326e+00
-1.845287471117048383e+00
5.055877872562594133e-01
5.210591087469981231e-01
-1.850377678381789570e+00
-5.127078813744132546e-01
9.523562303918500227e-01
-1.039640519766260596e-01
-4.978270908797537420e-01
-2.040274720029203070e+00
2.133499948403096091e+00
-5.678991714250810618e-01
-9.143012660246206957e-01
-1.528665971099913534e+00
-1.538876641131889378e-01
-1.050282839147639979e+00
-1.296406637588049415e+00
-1.030936211946766212e+00
-1.511339246602081854e+00
4.141978912859161505e-02
2.477602710325568780e-01
-4.414494102448217050e-01
1.991058028086858944e-01
1.965983838800529071e+00
-4.470437063352852292e-01
-3.167347727686715131e-01
3.620234075967474776e-04
-1.548656489403466285e-01
6.456198607978633763e-01
1.475726933291617859e+00
5.802363532083858466e-01
-4.319208074486319271e-01
4.651277568876114321e-01
1.054492075457401645e+00
1.039587909600940607e+00
3.978933287858378298e-01
-3.824704455883962684e-01
-9.738884764145554207e-02
9.947439383401845969e-01
5.797608540300750457e-01
-2.465341028437839921e-01
5.004603821269032471e-01
-2.842349725108708203e-01
1.801603692449194716e+00
1.800190931634177982e+00
-6.441484265327809267e-01
2.912122362807517129e-01
2.589839435181278127e-01
-5.429748179129597618e-01
5.513783996364048923e-01
-1.328499749716364198e+00
1.208190775661876826e+00
-2.868931356740555411e-02
1.210962021140921996e+00
1.174609836479035607e+00
2.284864373291767503e+00
1.376395843006545494e+00
-9.299589834391637500e-02
-1.168060182999113294e+00
2.718349425551147558e-01
-1.497173071480226048e+00
5.673188088515479510e-01
-1.586946490663190268e+00
-2.484746919684993338e-01
-1.196646094538926341e+00
-5.566092440022580856e-01
1.004041925215510139e-01
-1.887856602452754773e+00
6.061088673600878440e-01
-5.144185661223671380e-01
2.046627460127102560e-01
-5.427455889473579154e-01
-1.277027367263206870e+00
-7.929140450794283090e-01
-2.790522847450055410e-01
-6.681221479193143464e-01
1.538396512925051196e+00
-8.747257969409454326e-01
-6.582798592927276982e-01
2.657196540986423994e-01
1.860313652707737297e+00
1.426664216771880600e+00
-5.322728103264962041e-01
-6.149710406165685983e-01
-1.050823765339387872e-01
4.436713274084613801e-01
1.744655368302211462e+00
3.795999362294538715e-01
-1.897284811108236546e+00
-6.416660803107047117e-01
6.925943302724987261e-01
1.753404456666412425e+00
2.922139002563203247e-01
-4.003493002345006602e-01
-5.942256935906033988e-01
-1.616422507373099338e+00
-5.771341981731693549e-01
-2.856998336467026500e-01
-5.557937273072110357e-02
6.422110078960959756e-01
4.254958533240019491e+00
1.119452441906034768e+00
1.453158478903517070e-01
1.036637329518603545e+00
1.312936066531545376e-01
2.714910231377604122e-01
-1.362507581768176212e+00
2.134369505075722540e+00
-1.075218264413970171e-01
1.906069874814783349e-01
4.497017785875256357e-01
7.337532814384561952e-01
-1.321876781264394562e+00
1.357460706675901019e+00
-2.680149318352956223e-01
-9.660219360063632132e-01
1.257010919225564738e+00
1.527019112923621247e+00
8.118466555989732603e-02
8.520449637753989558e-01
-4.721432455255380467e-01
9.601730071578248316e-01
-3.721261684738094017e-02
-1.563697673144284067e-02
6.565159326006175800e-01
-1.225447345841842450e+00
8.694292374661354295e-01
6.995153381810526039e-01
4.431952229169993651e-01
-1.937490102493080624e+00
-6.624040374779374130e-01
1.804229342095600375e+00
2.642581138259626705e+00
-1.247539526943889143e+00
-3.239162091382726816e-01
-1.120339786661087800e+00
-1.241704158271926595e+00
-3.052324582604177827e-01
2.708347931940017772e-01
-2.260019099892331962e-01
-1.813495937879961772e+00
-5.700160063913686237e-01
9.015115500289896389e-01
1.273463039027779242e+00
-1.832263687519849471e-01
-1.161070873192596942e+00
1.899479166198869251e+00
-3.791721695278750803e-01
-1.115538281199621284e+00
4.315254738107646704e-01
3.733871308986962956e-01
-1.508265414830728179e+00
1.191994321780337263e+00
2.166587822579943146e-01
1.608233056474549061e+00
1.512032330327145901e+00
-6.053525931817685946e-01
-1.693068887829459301e+00
-1.230059720429395487e+00
2.852274912133901719e+00
-2.128614764703230453e-02
4.234881310960571521e-01
-5.123425590063223067e-01
1.607113160388417672e+00
-1.146553813409317168e+00
-4.506867729707739190e-01
-6.602475024341948329e-01
-1.851043763032869771e+00
6.911857850243594559e-01
-1.172319940696865626e+00
2.275079081237857959e-01
8.693902092480945143e-01
-6.291212914704342740e-01
-1.278872692005637468e+00
8.534476812630791276e-01
-1.152678274590769769e+00
8.983519961841441859e-01
-8.601644297957395935e-01
1.346025221087474133e+00
9.666846053624078561e-01
-4.951656233372438987e-01
-1.991315969491799009e+00
1.393030970843908145e-01
-1.509879676795322201e+00
-1.954595418754575764e+00
1.503046803966977318e+00
-1.796637548299125087e-01
-1.955198552389606048e+00
1.678897194374941115e+00
-4.648909165789826686e-02
-7.223207990998470329e-01
-1.809862989308586911e+00
-2.983507795671537788e-01
-1.385001435951005888e+00
1.842509951949395042e+00
7.713350537681117336e-01
-2.199357716639594784e+00
-2.424644545037868970e-01
9.713490932206839124e-02
1.724921296802923998e-01
6.553215429193488539e-01
1.529760421525887759e+00
-1.826318124328707437e-01
-1.494845724409951671e-01
1.088737027667610713e+00
-1.048518119961314721e+00
8.330902991461764939e-01
-9.291571180913971162e-01
9.449773011485880225e-01
8.899878794920408343e-01
4.993332428173604676e-01
-1.940939318934027102e-01
-1.681809227764504699e+00
3.988343842538460970e-01
1.954668964881444815e+00
2.074967743455963520e-01
1.905973029249914338e-02
4.862739746283212261e-01
7.010216420036218254e-01
1.533394981775445753e+00
-1.382346775277118134e+00
3.199906308915879016e+00
4.268140633137907924e-01
-1.434718495729774945e+00
3.917333259872482487e-01
6.318646238816603145e-01
1.696768428415800223e-01
-7.542230489917918224e-01
6.043433802002727839e-01
-2.138444980499488501e+00
1.223200047162442461e+00
6.551983685203204288e-01
9.948399328663989349e-01
-3.263309037472820751e-01
-5.217603752024430053e-01
1.433026843471592038e-01
-1.934311669992748284e+00
1.526983572294881956e-02
3.779620304634939698e-01
6.123207370100415270e-01
-7.076269833001705978e-01
-2.985876145043189211e-01
1.534840647993820584e+00
4.048628291935767454e-01
1.027904312165725198e+00
5.836664660566872609e-01
-7.658854107279851053e-01
-1.287730990899097483e+00
-2.720355527934463502e-02
-1.305459822823227922e+00
-3.442663164837291290e-01
-1.043465323378937049e+00
6.698380377852746204e-01
-1.628971129754192448e+00
7.102237481231128413e-01
9.814940264781712997e-01
4.385243281083780476e-01
-1.759431363342212729e+00
9.116653085400222567e-02
9.786349447828512904e-01
-1.122108427077281201e+00
-8.452881085982026921e-01
-1.941049236325844696e+00
-4.244641535622715733e-01
3.512266366769242198e-01
-2.393806043995869992e-01
3.345451057998232169e-01
-3.259777088596466782e-02
1.735860650567775942e-01
-8.447531062033039051e-01
-1.354170149801047496e-01
4.328721774829895619e-01
-1.258639402869721424e+00
1.185623992395285375e+00
5.907280922274995572e-01
-1.309836851791231771e+00
1.723311469543726063e-02
2.621521146177503425e+00
-2.308075123558933905e-01
-2.837942768646777303e-01
-1.830277549027040374e-01
-5.526300719546104467e-01
1.507833957592766394e+00
-7.538184007429848954e-01
1.516754969965537769e-01
6.650194946126289919e-01
1.628438250995389192e+00
-1.643231821954799221e+00
5.288224926185970676e-02
4.814989633853823947e-01
-5.744150685408695896e-03
-6.905957397436114364e-01
2.914951423911635309e-01
6.153437398548814441e-01
-1.375923447324939763e+00
1.886893932410094843e+00
4.626409362131339575e-01
1.140829350915382845e+00
1.383078335720374641e+00
3.670497792917630786e-01
-5.456436049797248611e-01
5.781297059780681202e-01
4.203359263316663874e-01
1.951247957241732500e+00
-8.571915927869873109e-01
1.436685909536284722e+00
-1.411794198118698551e+00
-4.919975725535956079e-01
-1.013834853301024186e+00
-3.510937762103250592e-01
2.444971397556290782e+00
-6.131900241074759172e-01
6.193195011547513174e-01
1.692956754362070937e+00
-2.616371373888472518e-01
2.461947836567595527e+00
9.554776540138644469e-02
-1.171079095694707306e-01
-9.396646227572729160e-01
3.690504196832041228e-01
8.693804025229260324e-01
3.101544460543836368e-01
3.027959879999992943e-01
-2.590269526933404107e-02
-1.428245132035437903e+00
-5.798650638887693498e-01
-3.978557786926215090e-02
1.235558412646894810e+00
9.276675290111013883e-01
-4.016643318682300290e-01
-4.865035937935613397e-01
6.068819753166080494e-02
-6.499122000827975976e-01
-6.155789494527321715e-01
7.346378661730362802e-02
5.029680137887172497e-01
7.215746073653865889e-01
1.251925234085078609e+00
-4.250488260032882493e-01
-3.099740773795794380e-01
-5.222475376925438395e-01
-1.663867438191467762e+00
2.358706947325919234e-01
-1.517866444465425069e+00
-1.194773215660355881e+00
-2.029370772911480714e+00
-4.037150302384465150e-01
1.846089904005475679e+00
-5.791619162609628058e-01
3.147320888847396914e-01
-1.218880375936635785e+00
-8.000599651501874021e-01
1.339448508935554560e+00
-9.894662932247096920e-01
6.654725565876754567e-01
2.983345847693897115e-02
-7.696840220074605554e-01
3.486880370951595531e-01
6.113028265299734754e-01
7.895629823146693704e-01
3.879059934819919508e-01
6.661549207206584056e-01
2.126871886621172436e+00
-5.432393853071308953e-01
-2.088262090377338343e+00
-1.082599156823939035e+00
-1.475125631183986652e+00
-1.686245820740781109e+00
4.903944723167595887e-01
9.869797415863650336e-01
-3.354885860344476445e-01
-7.201580677028432409e-02
2.063257245954513763e+00
8.544364114216097539e-01
-9.742672174366461268e-01
-4.023053219944821568e-01
-6.983717698089011439e-01
2.060552022016676754e-01
6.495699703604299602e-01
-1.872323883827066382e+00
-1.156058754853855675e+00
-4.729571690717760957e-01
5.931246613060231487e-01
6.762499915056063848e-01
-5.873733290901743676e-01
7.157886076312349743e-01
-1.782069835126392832e+00
-1.197151594414637366e+00
-1.643898314721555232e-01
1.879319193407486210e+00
-3.207322707867624190e-01
1.806023020270309143e+00
1.607659532923514156e+00
2.285749388649219727e-01
7.388795621757800712e-03
-4.551106861962033734e-01
-1.143542761847100353e+00
7.030788597889991998e-01
-7.314523142017564927e-01
2.104998282542962507e+00
-6.554337759800844543e-01
-8.364442075051424508e-02
-1.651920271843591026e-01
1.001120904333068440e+00
9.842992948766515759e-01
-3.897675522692549133e-01
-7.980358783819592183e-01
9.435074363792353980e-01
-1.644569029272035243e-01
-1.085660893307548891e+00
-8.335995749052088621e-01
2.375351484769424593e-01
2.991517390911205609e+00
-5.455862114140194175e-01
-1.024028853986881149e+00
-1.073241606753590621e-01
2.103333262071640508e-01
-3.301169469476895602e-01
1.854510707287510829e-01
-1.072100882956475765e+00
7.581030872141076848e-01
4.423807740403534194e-01
-1.255707562687780943e+00
-1.142462719490480838e+00
1.165471208150387294e+00
9.539162679632298136e-01
5.669366847710407553e-01
-5.438370866642900925e-01
-9.675307365562220152e-01
4.423473961985386338e-01
1.458624774062787788e+00
1.665322319997429856e-01
-1.608805649882362854e+00
-5.366859437764822660e-01
-1.114356101997456161e+00
-2.368368000904659709e+00
-8.430803208537676063e-01
-1.537283806570656663e+00
-6.695395234439401877e-01
1.257403755471845130e+00
1.592157964110516799e+00
-9.577498199871173346e-02
-3.439213984175436001e-01
1.780393680976949611e+00
-3.133330256060256613e-01
1.334151725338381222e+00
1.518853553117792687e+00
-2.220102822582874946e+00
-7.639784684817538807e-01
-2.847152789824143881e-01
-7.224654556054421750e-02
4.067973724930915025e-01
-3.700038151480369297e-01
1.326223714499367823e+00
-8.614810876661473937e-01
-3.458680987534994422e-01
8.039636925228265119e-01
1.065867855119669638e+00
-9.388126818666913120e-01
-8.916625926085686160e-02
7.233835017739442819e-01
-1.356776863995646343e+00
-1.783355803545325080e-01
-1.166687108130085804e+00
5.642745776840439875e-01
-7.782800462863381785e-01
7.766497308869244609e-01
-5.673574684278066549e-01
5.542823543334088887e-01
-2.302006938829607441e-01
4.164804794118660558e-01
7.831373569367706677e-01
4.672073262149813999e-01
-2.531369735752769579e+00
-1.410224174910386929e-01
-2.196569214747722820e-01
-1.366787883178296248e+00
2.555951701284169819e-01
-5.130384863110646343e-01
2.516039260024419480e-02
-3.733128707877455543e-01
7.677630383214125720e-01
3.276783432709022836e-01
1.430735747398824254e+00
-8.632101723059375231e-02
2.757899004848445301e+00
6.029655334867458638e-01
5.174984709586865489e-02
5.056329301612607630e-01
-3.526085247447005022e-01
2.480198868981065841e-01
-1.876143973088632011e+00
2.310950883461225791e-01
1.384415621092389970e-01
-6.296454053984609223e-01
-1.913445181003950113e+00
-1.873990413229024377e+00
6.473794386768702003e-01
6.739292335325021144e-01
1.691695173575807343e-01
-5.780148521506109915e-01
5.951422151510327163e-01
6.941253647518972336e-01
-3.085616911475095106e-02
-7.790203075346102679e-01
-2.339270812800945398e-01
1.276361577322745688e+00
-1.881380106797022056e-01
1.184532118623824015e+00
1.163650606853078306e+00
-4.937038190805022042e-01
-4.985493263126222763e-01
-8.001296394898252951e-01
-6.672680744626070526e-01
1.488945249938993243e+00
4.831315790929025522e-01
-6.353982359304387595e-01
1.025378728952323959e+00
-1.571372911470561573e-01
1.313051148609532426e+00
-5.486092536932083430e-01
-6.008987256305563518e-01
-1.333590853108871599e+00
-6.110950424226031519e-01
-2.248615639926891507e+00
-2.071853875843788217e-01
-9.506447041688299571e-01
-1.422750017418338286e+00
-9.420212007550180511e-01
1.607447420621974432e+00
-7.104158315515141098e-01
7.378888924618540734e-01
3.505238509430900207e-01
-7.057041346070420662e-01
1.176544457796807386e+00
6.729826336997029035e-01
-2.433443835804060540e-01
-1.600639020204052354e+00
-1.075339988277511205e+00
-6.316308721298690143e-01
-1.001372917568779775e+00
1.485215931868477390e-01
5.743931469244917265e-01
1.378352067823003901e+00
-7.704759873421683780e-01
1.104422725419317297e+00
-2.361525606178966452e+00
2.938471492445725031e-01
-8.801729342478228357e-01
9.694464388462153970e-02
-3.649114483796520036e-01
-6.600426955979905586e-01
-9.295451551823642744e-02
-1.827933555696778511e-02
3.528396706226559765e-01
3.809006359743643544e-01
-9.176148907600772953e-01
1.450724192240184118e+00
-1.670118207385120179e+00
-3.961806344163922300e-01
7.960802438550690363e-02
2.651551811592650076e-01
4.947928451511592052e-02
-7.083199840998997132e-01
7.264265112887793308e-01
-9.577853576561822235e-01
-4.525470914442205062e-01
-5.065499062902596439e-01
1.102945367393106890e+00
6.305331747283378085e-01
-6.271614282169510335e-02
4.986654058016693480e-01
-3.729650281447545457e-02
-2.059643841329699687e-01
2.184785066359039574e-01
-5.559597897084999074e-01
5.597076853707921851e-01
1.541600282691208745e+00
2.131369361060786005e+00
-1.563873412396062645e-01
-1.269632684860171112e+00
4.782502285028578104e-01
1.614939388310315804e+00
4.741775183602792154e-01
-5.577209667987981234e-01
-5.916925470083110594e-02
1.246536085592681031e+00
3.641554153475639599e-01
-1.594699089332199060e+00
-5.807317088141487060e-01
3.538452654036089995e-01
1.142799890659219164e+00
-2.275496030040047746e+00
1.079770981803509944e+00
1.172921076018384579e+00
2.491661074441598456e-01
-1.326829145399834431e+00
1.441022214387196687e+00
1.742226466893161740e+00
2.081283669925222846e+00
-3.562963155394247017e-01
9.607494407652527046e-01
2.388846636548880020e-01
8.222140342563745152e-01
-3.392171477789495126e-01
1.381825086724982832e+00
-1.025661936691112608e+00
2.294676599764767372e-02
6.255544017486864838e-01
1.668046176775026312e+00
-1.841511849185485383e-01
-9.830235674542145974e-01
6.019208004826114289e-01
5.780088366570652614e-01
1.369662494318511614e+00
2.998057877793648407e-01
-2.192348382724974343e+00
1.448776961243930517e+00
2.323806141923178414e-01
8.155126777672810912e-01
-1.350149659417110515e+00
-7.351338607557127425e-01
-7.296174768575457159e-02
1.056395759268854651e+00
-1.935568325812541568e+00
2.919899170028791069e+00
1.111514604549008522e+00
7.854566847671782259e-01
9.750340926055985902e-01
1.571421982468188761e+00
-7.007342895261874371e-01
6.822208513491466730e-01
1.722914516785145067e-01
-4.128589633724593505e-02
-3.638939993530999895e-02
1.119903064170841622e+00
9.930526772294993865e-03
6.007800120794672821e-02
1.066039866975705408e+00
-3.422377074001639596e-01
1.922344508323573786e-01
6.293407154132683035e-01
3.088009211037848201e-01
-1.744217712880852034e+00
2.671977534794596210e-01
5.162505205746905634e-01
1.093777346697730711e-02
-1.752785117115006341e-01
7.764712770985569834e-02
8.379140164750144282e-02
-8.922941317734466304e-01
7.650077293769952380e-01
-1.285359636133319938e+00
-3.575729284700674415e-01
6.214602505039402702e-01
9.903797452104108334e-01
-1.384174894912373999e+00
8.062622203465374948e-01
3.127783230344751697e-01
1.320639817543670436e+00
-2.002695485478727555e+00
-1.776870580036932434e+00
1.939550497287651221e-01
2.046177919702520498e+00
9.249825295846201278e-01
1.030676610199831034e-01
-2.045672010627804516e-01
-1.067697213055665700e-01
-3.047075694127742915e-02
-3.969360750323145393e-01
9.526178752772369585e-01
-9.162560236228894928e-01
-8.722533291685337087e-01
-7.496051836734158869e-01
5.133694823869692225e-01
7.689485755245416554e-01
1.106948666407315401e-02
-4.117564334828139883e-01
6.282923835109988087e-01
1.205016314039613734e+00
6.050319021488441695e-01
-2.511966932954905918e+00
1.364882628944630971e+00
2.320213679395238815e-02
2.364844814576506860e+00
1.306742884201166077e-01
7.085386637023698420e-01
1.069855538894181946e+00
