-5.216475933889127559e-01
-2.769840950452020945e+00
2.347722353139593654e+00
1.164028266086528429e+00
3.248128871123860395e-01
3.105597732290396040e-01
1.053656227578450233e+00
-1.166445409002168310e+00
3.007604384615688020e-01
-1.494050612799584510e-01
5.485769444731181110e-01
1.381902953257793665e-01
8.781794299640668378e-01
-7.312123077658778669e-01
6.136122150037356393e-01
-4.439079873886548344e-01
-2.204012952546268722e-01
1.029946487373464281e-01
7.648614236385048448e-01
1.040771884505375278e+00
-1.520524442271927290e+00
3.704004692471485338e-01
-1.169917353068331112e+00
-2.157770519015520527e+00
2.202449139788630050e-01
-2.695950588433092765e+00
-8.224296474492055753e-02
-1.514503424245227547e+00
-8.091029670930172113e-01
1.300855200978694004e+00
-8.939650413319869537e-01
-1.172546355431467680e+00
2.967479316513444432e-01
3.004529655935921362e-01
1.220756022362289528e+00
4.351821992552241669e-01
7.020815919905969427e-01
9.373761216432553445e-01
1.358884506136847747e+00
1.728085570601290699e-01
8.314327565561074884e-01
-6.034729783399015446e-01
-7.520366757981181705e-01
-1.026193242385807114e+00
4.102473909439284250e-01
6.149627264660135761e-01
-1.221121386852499491e+00
9.159197006544866904e-01
4.058415842185049138e-01
9.676415939282831946e-01
2.018087445012322068e+00
6.692155485066897391e-01
-1.750328119680696126e+00
-1.174161708738281185e+00
1.544999478810485494e+00
1.504927570310519158e+00
-8.886245017051943584e-01
-5.633709434381359848e-01
-1.471766232775791439e+00
-1.888079187672243364e+00
-1.064747171184050822e+00
6.214957103117859649e-01
-5.947550772655895157e-01
-6.214848421127348033e-01
8.106406247628039630e-01
-1.052447832859696675e+00
-1.230659301452443899e-01
2.154195096863511072e+00
8.093027912189838524e-01
-6.781591976842320513e-01
8.772126679540311889e-01
-5.027758894596474626e-01
1.067290373225530109e+00
4.097406788515674247e-02
-1.294331280345741575e-01
1.305582745980856663e+00
1.251422593948686046e+00
9.379322186710898901e-01
5.346653881697330801e-01
-1.778139226118836957e-01
1.633895896543006598e+00
-1.837706577287589182e-01
-2.182159510058150786e+00
-1.487476228897180119e+00
2.215054538045960197e-01
1.895055414001993455e-02
2.974435157055028145e-01
1.471215372629536000e-01
-1.005800345868347101e+00
2.688029371126744449e-01
2.146255690497163859e-01
-1.866453739602464745e+00
1.410429941232254514e+00
-3.256392069725070892e-01
-6.741188837336446749e-02
6.637668465077481983e-01
1.670443268741714338e+00
1.225426396148271563e-01
1.243561580295605012e-01
6.662172975909638195e-01
-1.082017374433341228e+00
8.458946704128970095e-01
1.883257121399575684e+00
-5.182309799061269873e-01
9.427518895628091977e-01
-1.027946083632666818e+00
-1.783511534454635061e+00
-6.400019439621463802e-01
-1.102868476975193524e+00
-6.561583894681811691e-01
-2.754946647532633963e-01
-5.433350419354214811e-01
-7.781955523459289648e-01
-1.206334569596287043e+00
1.010851250028423687e+00
-4.258576418757687998e-01
1.085365784333128136e+00
5.037355579017384066e-01
2.904764757537307007e-01
-8.224401902178307688e-01
-4.347575612768115327e-01
2.818355024210439375e-01
-3.826181939490965744e-01
-2.514532975081397392e+00
-4.627214970270315253e-01
4.804371827730632427e-01
9.287482619633796732e-01
-1.423099698689859416e+00
-3.544233891764275168e-01
6.742554638008008139e-01
7.520449156014811232e-01
1.343754183729966911e+00
-6.709869952543381366e-01
1.325249266862953690e-01
1.209092945824546295e+00
-2.864980150895590771e+00
4.834170901220950500e-01
-2.733602013847624690e-01
1.485360887257855422e+00
2.383736023765625767e-01
-4.555597279713775594e-01
2.807983512049556096e-01
1.535903512129354720e+00
-3.226964649073876812e-01
-2.085347844140168050e+00
9.853389041997898667e-01
6.439039149062305567e-01
-5.574982577828496016e-03
5.769242611655770459e-01
-8.481146427697164869e-01
2.066411275444271389e+00
2.412694011799473501e-02
-5.856770809906399755e-01
1.657633729520798307e-02
-3.985573831815496237e-02
1.373720120280204626e-01
-1.992415948283145166e+00
-1.369103748866243864e+00
-2.381010776534212836e-01
-6.284951651810866124e-01
5.246385308991453611e-01
-4.185868554375128392e-01
3.869755675006916751e-01
5.662160853739796051e-01
1.005411494113577497e-01
-6.265141704313342830e-01
4.712525696902687966e-01
1.509790328612371280e+00
2.414406152037977538e-01
-7.753044802768807031e-01
-4.960469637960772671e-01
6.525763846809604640e-01
6.504677920526150681e-01
-1.333322914310298035e+00
-5.215379912423566688e-01
7.358006597617584577e-01
-2.864650136343605547e-01
8.268595589949693236e-01
-2.850578580124557004e-01
-9.495946485639134016e-01
6.887315341058740659e-01
1.449534293229922000e+00
3.489979075554300314e-01
-2.726578115653377488e+00
2.735163319573947691e-03
-5.843308208404993653e-01
3.094998759563801771e-01
1.798260623128497215e+00
6.168920245006647152e-01
-1.265839649621232355e-01
2.090557069509449306e+00
-5.030999102151944014e-01
1.408806978490461548e+00
-1.296034184881947215e+00
3.907502468058253187e-01
6.197120727807181595e-01
-1.302968456800589481e+00
6.020825300574975669e-01
-1.063703072705920460e+00
-1.242379619599932594e+00
-8.235642113160489552e-01
2.950242863586809983e-01
4.144904841258336692e-01
-6.304010868957811153e-01
9.435559758812248066e-02
1.173734671277235631e+00
1.277776421234334547e+00
-6.962252747541352038e-01
1.437050018524040462e+00
-1.004217974717115602e+00
-1.003924299658890545e-01
3.356970475994682235e-01
-4.181332364185526007e-01
1.316645340989070767e-01
-1.323608480647328722e+00
-3.838382019870713591e-01
1.788397829753496648e-01
1.832934117045491584e+00
-8.490282704052930507e-01
-3.617961749608228361e-01
-7.603653330007048572e-01
-6.150566122387642887e-01
-4.467668079933045377e-01
-2.636573861469933555e-01
-6.208099912691896760e-01
9.687979478694818125e-01
-2.733548076258301762e+00
1.177259495952424295e+00
-8.065239367486438660e-01
-4.561074492006771952e-01
9.678934203914020262e-01
2.767752776894906175e-01
1.293334374994751512e-01
2.676908772891609667e-01
-4.882325737393182208e-01
-1.080077009489478074e-01
-1.589912203668127688e+00
1.165444268723545118e+00
8.140851165176349324e-01
4.032198848282078085e-01
2.757247371046567253e-01
2.989863241962679719e-01
-3.087941414021986852e-01
1.247600293995523080e+00
-1.969559636221538401e+00
1.069776413787576708e+00
1.229858031296838128e+00
-4.069504319519250402e-01
-1.099761528740598848e+00
-2.225099402979677787e+00
1.536703469560567692e+00
-1.187165687023046257e+00
-4.974306049305348698e-01
-1.784538729722361161e+00
6.083687030088564818e-01
-2.174799092739932993e-01
1.815342316801102029e+00
3.098917825255606662e+00
-1.950059024925894502e-01
8.313997186511922211e-01
6.077681868318927094e-01
-2.691738384969292408e+00
-5.154111275606847453e-01
-3.947038161915714660e-01
4.660280193018447870e-01
-6.191239766723336535e-01
-2.034626800604019958e-01
-1.186977926746345835e+00
-5.125914551692059007e-01
1.014383924446012886e+00
-7.288874474822498728e-01
-1.036380466707831349e+00
-4.688270450301334491e-01
-1.702041181901707390e+00
-7.783872482594966780e-02
2.728503724889683735e+00
1.215117801856989921e+00
-2.032178373255379977e+00
1.641213511581989470e+00
-1.962265146491105394e+00
2.909239649764985142e-02
-7.469793159107024350e-01
2.314587917096781577e+00
1.482038785311987850e+00
1.214531364371345346e+00
-5.866471559887683623e-02
1.455514559907375771e+00
-1.153941534491427223e+00
-1.192638454886891575e+00
-2.377350718733661078e-02
-1.247288048821470596e+00
-3.542439284222390072e-01
-1.468419232452971906e-03
1.816848842514311668e+00
8.930743710566035887e-01
1.331904855219292472e+00
4.265981388203214375e-01
1.101043090614999054e+00
4.998055659200319467e-01
4.206290335216635867e-01
-2.644206226258946302e+00
-8.324982827150039233e-01
-8.785069292590735879e-01
-2.611616401550683197e-01
-1.728316302274890692e-01
4.754177433257384400e-01
-1.522211446327965456e+00
1.325915890862788604e+00
-4.906241363720018761e-02
1.597095806190941047e+00
1.397649362484758573e+00
-1.523151293999709666e-01
-1.285179640284366487e+00
-6.211464528145209663e-01
-5.441668256225303674e-02
-1.053907655559706225e+00
-2.935667130456725005e-01
1.193995408017725302e+00
-5.638623740339445689e-01
-1.443798482829837249e-01
-8.358602072225269630e-01
-9.787341271476344140e-01
1.696911483199347703e+00
-1.903407649520966471e-01
1.598698207400514604e-01
-2.045068944113561105e-01
-5.524362326230560782e-01
1.522376171823546009e+00
-8.545651497351214321e-01
-1.010581839902154888e-01
5.760293431915337603e-01
1.279513765241160117e+00
-1.874856059236974071e+00
-6.674063118075861389e-01
3.176918319917623190e-01
1.720288642284656389e+00
-8.747216028330372095e-02
8.789310079088606953e-01
2.333965693913819250e-01
6.822303610793605255e-01
-2.421287607444118528e+00
-1.296216123462348824e+00
-9.800199681165930876e-01
-3.907604058986094975e-01
-1.144245676554141333e+00
-3.172501276424334327e-01
-9.389019513548250151e-01
-1.639040642595990693e+00
1.103589080740144945e+00
3.736253312202699184e-01
5.215835004368123418e-01
6.813225882235580677e-01
-1.550734806041773384e+00
4.968814236045662053e-02
1.120698938391111898e+00
-1.683603451671244589e+00
2.421708403295006196e-01
1.440618747467255378e+00
1.344633885401567808e+00
-9.449454044031298239e-02
-9.396948906951370084e-01
1.682341054555192450e+00
-6.168849943337468833e-01
1.657307744769720870e+00
-2.932563869534240197e+00
-2.900344044122794562e-01
-6.389938214589524490e-01
-3.009008253356090234e-01
9.292247421070612967e-01
1.632488836739576232e+00
3.343918277520371296e-01
1.584782625407549661e+00
1.130204455292375787e+00
-8.482301051079739196e-01
-2.510607595249200852e+00
-6.192253839099239876e-01
2.445166055956771722e-01
1.117597713858124453e-01
1.544517097435764708e+00
-6.566649948396878766e-01
-2.683387479642476592e+00
-1.744762972292633885e-01
1.187246615565038743e+00
-6.683265947763213921e-01
-1.145579834357689925e-01
-2.755607881496997535e-01
-1.204706475240703734e+00
1.593775137208448767e+00
-1.870377652096133214e-01
8.084815313233396639e-01
6.874781216506035131e-01
-3.875860954646461742e-01
-1.125954697713651198e+00
-5.457412570237463179e-01
3.183992128386127496e-02
-1.907457808792905052e+00
-1.585686006278772098e+00
-1.098133388278369482e+00
4.050929354096000634e-01
2.279291977727957996e-01
7.844576886788020564e-01
-3.893654297407950216e-01
3.013070521340534547e-01
-1.013955764605648957e+00
-1.282373983641518000e+00
6.413399762799059101e-01
-3.661180224641895631e-01
-4.678081543945881160e-01
1.395171101814611125e+00
-8.287982033518397351e-01
2.955442830213998451e-01
-6.417017520864848334e-01
1.334259356836107635e+00
-9.247614057395202591e-01
2.013011798052778689e-01
-1.937054673286401130e+00
-3.348819317432105702e-01
-1.698415565229006441e-01
-1.043815748542896049e+00
8.618414524049672343e-01
1.407208763739212998e+00
-1.363178471422477722e+00
-1.771235980777407848e+00
-2.353704938903582455e-01
-2.875729143391619891e-01
7.994057396187775888e-01
-3.291424463208205559e-02
5.414376451434568249e-01
6.843328776755885912e-01
3.401740022606082325e-01
-6.839154464175417614e-01
3.030507231536587187e-01
2.890094349447400179e-01
1.032352459116764098e+00
-8.855065232013566157e-02
1.011289995724253599e+00
1.062982443842020341e+00
8.007871478397931009e-01
1.559725506990867483e-01
2.979967431545526568e-01
-9.582297804048291179e-02
3.465984693713445863e-01
4.066066630881932653e-01
-5.950735512586766696e-01
-2.785804232579743300e-01
4.829989005922021295e-01
-5.949587011003961701e-01
-3.728638543065767585e-01
2.345531489861129304e-01
-1.824931748149591471e+00
2.736597668027875851e-01
1.682921753316766855e+00
9.710131234628071040e-01
1.445261589207647690e+00
-5.451725961340799786e-01
7.429166106170653761e-01
6.685272397157230317e-01
7.428907431781207604e-01
1.068968168806766039e+00
-1.167728309991553193e+00
2.146889657009893426e+00
8.592398360367893284e-01
-2.476520347574292374e-02
1.963943732758149652e-01
7.644203575970842657e-02
5.826232237265295266e-01
1.319371722910799294e+00
2.825313560472651364e+00
-1.304882480148513491e+00
-1.363996398568128710e+00
-7.993256987701521377e-01
-2.267903862096023904e+00
-4.398793130566457793e-02
-8.445585805195204854e-01
3.544341736888374783e-02
4.789882243090372027e-01
-5.732597964324358530e-01
-1.081206595782454372e+00
-6.837758248104385261e-01
9.024581166197982451e-01
5.565782760527422379e-01
-4.155460030748902023e-01
2.096289853529995362e-01
1.840239503170562285e+00
-2.734659392753053253e-01
-1.361374048946985826e-01
-1.663505676000328615e-01
-4.576489031630250059e-02
-7.732961081891951416e-01
1.391736603751093648e-01
-1.274138545300796121e-01
2.444210439248197808e-01
-5.719495077693302898e-01
-2.944373451093270089e-01
-3.592253108038034326e-01
-2.999911422391585147e-01
-1.418666277500298500e+00
-6.028991131203251808e-01
-6.174626987271729373e-02
-4.652887123030413630e-01
-1.428224684550234214e+00
2.362112856108775361e-01
7.758939392522060663e-01
1.788484218900388445e+00
2.400080607861873883e-01
8.998208045801754373e-01
1.135339171779239598e+00
4.755340350311333952e-01
-1.363904035780340473e+00
-1.141058051699060244e-01
-8.396160936472061298e-01
3.837691542124628263e-01
-5.609023925274811972e-01
2.041684853534240673e+00
5.541224599824051689e-01
1.309229233433391315e-01
-8.280711653568720854e-01
1.054579337334852429e+00
2.056596324246985130e+00
1.546112078496045816e+00
4.781827409681461138e-01
1.241072451620572753e-01
2.629922741653553331e+00
1.562541455482778563e+00
-1.177587751967677399e+00
9.689171368150722996e-01
-1.526868466662854473e+00
1.300920382858923308e+00
9.835383669530859407e-01
-6.382908134150068469e-02
9.352255863786930468e-02
1.225745098601169314e+00
-1.229884768047515120e+00
1.159453497264260280e+00
3.112519950898628429e-01
5.366520854498683102e-01
1.936173652906429288e+00
-9.658303964375316575e-01
2.471248406394639829e+00
4.338328353893135536e-01
-7.128723192424730737e-01
3.990475932004091675e-01
-3.907564942675141486e-04
-8.316209533535767751e-01
-2.273565172216037489e+00
-9.786251442696205505e-01
-1.176411912660765058e+00
4.387602831798945169e-01
9.179278862479363088e-01
1.583199327252903466e+00
3.310707447188912522e-01
-1.223127032149219140e+00
7.291345174589277667e-01
-1.362979841247939028e+00
-2.295355250500482391e+00
-1.024801837396968285e+00
4.741771812712711198e-01
-3.120271267850652230e-01
-1.958173851271920451e+00
1.354870505687471027e+00
1.025842887023201699e+00
2.289031147885746131e-01
5.533681476291226753e-01
5.087682330775616935e-02
1.544606760154057845e+00
5.656447390077135040e-01
-2.857515592276894667e-01
-1.664836373842543960e-01
7.040643042856019607e-01
5.578498759452250183e-02
1.674558675380865225e+00
2.074425081724967868e+00
1.590865888870097944e+00
-1.004915853103659718e+00
-6.314263380350199073e-01
-1.089731757534807999e+00
1.320230491470624767e-01
6.371881592103657566e-01
-1.000266707155508250e+00
-2.618089085394013971e+00
5.806383361180643687e-01
1.424567759580389233e-02
-2.722405261621703154e-01
2.822697907112645122e-01
3.827982763491201701e-01
-2.013790240452872915e+00
-4.275236849292338714e-01
4.534212335071031719e-01
1.171183647308962072e+00
3.217268805894656081e-02
-1.053893262539309150e+00
3.176046534020944279e-01
-7.896939630703494473e-01
-1.163658648904847714e+00
3.648626503165699336e-02
6.226431465617471295e-01
6.771404427868106257e-01
1.608541957343259943e-01
-2.775562332181537584e-01
4.473254967667488757e-01
-1.014999558543062674e+00
-1.297689722908950127e+00
-6.600966629408897002e-02
4.812127792634698364e-01
7.662729520444239162e-01
-4.276134246500725711e-01
1.276265395323564755e-01
-1.546889486879916342e+00
1.200249594653266971e+00
7.152076787687751125e-01
-9.046209003469859455e-01
1.335066692015314249e-01
-6.047062767103240644e-01
1.723286841485655918e+00
-5.128443849043319291e-01
6.653298436353656253e-01
-7.889371016948332205e-01
-6.480399712477906693e-01
-2.441535336684887425e-01
-3.156086323968214646e-01
-2.489211116252622313e-01
1.343931713198516897e+00
3.364833998867788334e-01
4.223169538232200981e-01
-1.171977744840610347e+00
1.695300372698582969e-01
1.765793820435165751e+00
-2.761405267854102341e-01
4.299831394504524673e-01
-1.238070331830711135e+00
5.546554286750499801e-02
3.983949781368463228e-01
1.019230957235151447e+00
-2.445060079291530575e-01
1.943229207629573463e-01
-8.273338047042224641e-01
-2.293845011541235102e-01
-4.327904078222550299e-01
1.810801521205684661e-01
3.771198565753702825e-01
8.478557229560841346e-01
6.299750280116287460e-01
7.524211048790995227e-01
-8.588704956993491457e-01
2.239406893641894492e+00
-3.357968302802935567e-01
1.079061882518109083e+00
1.359236161565848811e+00
-1.471164984746586413e+00
-4.682294402675016287e-01
1.011335611560637560e+00
4.867270006611876809e-01
-3.111199844706382112e-01
-5.372582153107886560e-01
5.179473368017510904e-01
1.399157650653332974e+00
1.681030178330876534e+00
-8.975907408962318090e-01
-7.451032671800489338e-01
1.337312428853606683e+00
-1.700303438540586409e+00
9.686515419165167007e-01
-7.700674943971816955e-01
1.010252711916890034e+00
4.625783759617735358e-01
-3.506984730807517492e-01
-6.684621399858152457e-02
-3.831644989425540548e-01
-9.709099659413304995e-01
3.465833628789601745e-02
2.919705310854749380e-01
1.574621784921222511e+00
7.068215667647989031e-01
1.984657993156937250e+00
-8.862654872198635347e-01
2.068658048981486808e-01
9.810202724132771612e-03
-2.264120782371701335e+00
-2.229136694360564164e+00
-4.246616438064159116e-01
1.826971108201081995e-01
-5.362340426142848254e-02
1.166266443597822500e+00
-1.583588235130466704e-01
-5.041327570539760883e-01
-2.013721892695653271e+00
-1.269640990869712383e+00
1.948805103872063516e+00
-6.213332277731871134e-01
-8.284990918844020724e-02
2.117547617941606397e+00
-1.860284594328683039e-01
3.078808889671014182e-01
6.531268173042437120e-01
-1.001058357697139467e+00
-2.350605080685659320e-01
4.715953180756969620e-02
2.352480166106758919e+00
-4.975745174048626374e-01
1.171681632220049174e+00
5.652406669489888902e-01
-1.833435247212585217e+00
1.060174722198283570e+00
-2.585691452959703041e-01
-2.009984900437245814e-01
1.449872673626969588e+00
-8.931888916970146530e-01
-4.391007724383333977e-01
-1.503078418963449125e-01
7.861597045602346512e-01
-9.935425508026782815e-01
2.730213417710709578e-01
1.562674105583060413e+00
-6.347619955321140983e-01
8.744127245149474481e-02
4.392526205541641415e-01
-6.541717460383085214e-01
1.246084849037487174e+00
1.518672423330368781e+00
2.627847143718712308e-01
-2.402577261830757815e-01
-1.195658938532707660e+00
-6.719098432197158077e-01
4.846787966843836837e-01
6.096823395468866646e-01
1.749793835680625020e-01
-2.335606212362850709e+00
-1.101175136678274935e+00
-1.868870621142655786e+00
2.425703567956789819e-02
7.424966590887761564e-01
-1.216354824067140239e+00
-1.082598739944830690e+00
8.944763385340710471e-01
4.596660980284700271e-01
-1.754739837642528499e+00
-9.367579452321332933e-01
-5.906371989153378355e-01
-1.438686521509548344e+00
8.362025789234046602e-01
-1.518064297750868263e+00
1.282330409985278363e+00
-1.765722801751810345e-01
7.124698787611667417e-01
6.025142729768896699e-02
1.121777231100521410e+00
4.806356988661220075e-01
-1.073661234248409757e-01
7.642609331672621797e-01
-1.268484531362635614e+00
-2.381954174030650684e+00
3.956096060524855879e-02
-1.961497954667117849e+00
-1.792827179579334240e+00
-8.272398192742141942e-02
1.430692947809059923e-01
-1.388182876753248918e+00
-2.199627968280282619e+00
2.642608240454070168e-01
-2.910599951169577926e-01
-1.249972873014255192e+00
1.119060773693626894e-02
-7.619092947252156245e-01
-4.810991194735531051e-01
2.218529880586297687e-01
-6.739871472359038052e-01
7.247957491840693045e-01
-6.967448913556332224e-01
-3.068555494606857170e-01
-3.650793995446325324e-01
1.954466377060448901e+00
-1.055857149162494402e+00
-5.545557707829162908e-01
-3.113239747415055270e-01
-1.246444000537985985e+00
2.375871808642170818e-02
-8.012938121291171001e-01
1.305979024464483211e-02
1.335145812603135251e+00
-1.466393013589891714e+00
-4.650029824238330334e-01
-4.109532128900558745e-01
-1.438974760649377016e+00
-1.239029774314719612e+00
-1.944416310762517863e+00
-5.925929471480115840e-01
-2.108455974092222629e+00
3.393898054337136094e-01
1.072040736080523304e+00
1.360731123417633359e+00
-7.881434141459345843e-01
-5.765359962588650911e-01
-6.025150032353198126e-01
-1.337610604260027314e+00
1.056448601681446720e+00
1.012138677067244474e+00
-1.165270071291462539e+00
-9.902186452053175769e-02
-2.359873635747664622e+00
2.709007759224686951e-01
1.650446149454172229e-01
1.114285802494731081e+00
7.762259587828941321e-01
-9.481959717024661671e-01
-8.524613519672084028e-01
1.433184599255896030e+00
-4.225802913172092556e-01
-1.198812848106666662e+00
-5.792681010817890552e-01
1.619603424295233518e+00
1.296792817576476187e-01
5.381556829239606543e-01
1.021609748134814505e-01
9.178824974216115429e-01
-2.428561671191830640e-01
5.437203953394256217e-01
-6.279044575191608524e-02
-1.000321896418652656e+00
-5.680927591167431873e-02
-5.625068470644445373e-01
-1.007481904757420388e+00
-1.403436986177530876e+00
-1.422195387126201083e-01
1.727209114343281893e-01
9.641470370586656680e-01
1.169596376264577131e+00
3.089687643101595160e-01
-5.472876733161569085e-01
5.518462097333125538e-01
8.770298359058047166e-02
-7.889257805831069170e-01
-8.121662089924542860e-01
-1.481591867979678678e+00
7.412279434928118471e-01
5.461055682907554054e-01
4.657039499444697306e-01
-1.807949801161906622e+00
1.592448485563811578e-01
-9.268801764981294822e-01
-6.948952676372134318e-01
-7.937237984054039408e-02
-1.583101107941855545e+00
1.375643182893637295e+00
-1.132227886195121158e+00
2.702576308845993647e-01
5.743681965934384070e-01
-1.103076502851987745e-01
-1.167669218270258158e+00
1.178649750224641135e+00
-5.288699718054019616e-01
1.635653578414049791e+00
-2.090516526804152009e-01
-2.718142302654251163e-01
-7.467818162631983947e-01
3.453822865403928799e-01
-2.488632831942983792e+00
-1.015754256758849783e+00
9.226358335598606741e-01
-1.014646665361931488e+00
1.055234643407601647e+00
9.868124429985031254e-02
6.739195062251418511e-02
-1.399032564661924605e+00
-2.545746390859109365e-01
1.382612599918944529e-01
-1.306572005997747699e+00
-1.009235460811698681e+00
-1.146370467224005374e+00
6.060968854666064221e-02
-2.028847135449154404e-01
-1.187294061626293917e+00
-8.101340097358041836e-01
1.351143459930355673e-01
9.610356177149742551e-01
-6.931619848862888844e-01
3.186525349391327033e-01
2.205450195298811200e-01
-1.507867263762487697e+00
-1.308665343151235172e-01
1.182719380851880997e+00
7.549729642702102117e-02
-9.362719432919119900e-01
1.277248504429035446e-02
-3.280649306282387712e-02
-9.505001340583070502e-02
1.188201289283998152e+00
-3.297915048445163033e-01
2.441185715969455272e-01
1.266960851785938980e+00
-9.630741162706897285e-01
-7.026983393414811818e-01
-1.019331966235991871e+00
8.189614699850708002e-01
3.665386454331877597e-01
-4.607006982041861320e-01
2.081628493130753890e-02
1.345891205545800551e+00
4.509108922956900911e-01
-4.980334622555770974e-01
-1.037462405073126259e+00
-6.959753272598290241e-01
3.721795277217854747e-01
-1.959269277856801050e-01
8.039722786109910757e-01
9.719747873934568849e-01
7.301195601838793570e-01
-8.287237487227802069e-01
5.907621940999566723e-01
-5.036278805821354787e-01
-8.902495079352533702e-01
3.747770010286243236e-01
1.272883725443296976e+00
-3.871171963065452859e-01
-2.260181497600123046e-01
-4.325905542759415634e-01
-1.474425249785377978e-01
-7.681220695091046657e-01
-1.509922387603075178e+00
1.060760586788985327e+00
-1.174810587870379397e+00
4.243934522340225141e-02
1.244455205297467781e+00
9.234248494915034411e-02
1.957363315277308446e-01
-2.436566668158293980e-01
-8.439196236930399664e-01
4.047338784945890833e-01
-2.628981039522995111e-01
-9.380204368209288379e-02
1.814818137943793042e-01
-9.031712383197275651e-01
-3.708487305088913888e-01
-5.746739184366757014e-01
-8.301398917870702610e-01
2.153834024490803786e-02
4.125770595750171688e-01
-1.172882062148653759e+00
1.804753235179859527e-01
-1.107864696735908483e+00
7.714914926343897916e-02
-2.890407973012147358e-01
1.546668194702243371e+00
9.241982537530070152e-01
8.058146317201170250e-01
3.577067677615307084e-01
8.323631439467834570e-01
-8.703032513302406681e-01
7.881757042545503578e-02
-2.706103077513986599e-01
2.472947217747714532e+00
8.079119767235695138e-01
1.306988053926218196e+00
-3.218198935057757781e-01
1.262494789648422877e+00
9.305234257799526176e-01
3.990791022639281760e-01
-1.355101346454986588e+00
-1.055016643404313115e+00
1.366985787745588210e+00
5.636965963223935505e-01
-2.906236561918084105e-01
2.504625848074675254e-01
-5.185247295925365929e-01
1.143090446883365585e+00
7.650890180194707124e-01
7.752031773450304142e-01
-3.853160961845624177e-01
-2.082147783018589993e-01
-1.068448042839302392e+00
4.488366014391049208e-01
-3.358375771360823658e-01
3.325113595342037986e-01
-2.824642498306898730e+00
4.336052262876273766e-01
5.996548983811045286e-01
-4.164113981798942543e-01
-9.986009395280213141e-01
3.706476895843262565e-01
2.024447319611841489e-01
-1.160585957930548195e+00
-3.229401048826462395e-01
-1.137804585285109998e-01
6.434732928783131189e-01
-7.514280429502220304e-01
-1.463399812856189586e+00
1.008564452372964215e+00
1.239540267873269069e-01
-1.531366180739878180e+00
1.553468433551749683e+00
8.041127401225807159e-01
-7.785986891700996670e-01
-1.945743867992906662e+00
1.330159570380354150e+00
4.799507605012179323e-01
7.343718280857135239e-02
-6.850615972181465230e-01
1.066777723089482377e+00
3.949608087953904723e-01
3.592686868011981532e-02
8.635975553286739936e-01
