-1.943603630442165997e+00
-1.269303187764141416e+00
-3.660350244828757260e-01
7.387692084789088121e-01
-1.581677708408439686e+00
-7.887427178288115570e-01
-1.389291486149553778e+00
-3.769514747593654125e-01
2.127992692784652640e-01
1.773428812859576098e+00
-1.720001162748364953e-01
-1.326782332279299315e+00
-3.219235782906420540e-01
-1.467540210518617938e+00
2.766853794418587253e-01
-7.312292008176783931e-01
4.130754028283310508e-01
1.027384602431446137e+00
2.114323230487520078e-01
-1.827029055374928823e-01
-4.225927732510942891e-01
-1.557615307815519712e+00
-8.837131914891632745e-01
-8.724038333190978767e-01
1.968980596816479522e+00
-1.837323713986347973e-01
-1.868377236790851992e+00
7.294869259637435377e-01
4.392585635895872032e-01
6.259082337105265070e-01
-5.893359393088843934e-01
3.140142503812782593e+00
7.882615372239117901e-01
6.495503559494556489e-01
2.100262032365558806e-02
-8.047950462914166270e-01
2.047755444913067713e+00
2.132152742271948842e+00
1.546699122494353323e-03
-1.318176674268494830e+00
-2.646549698747949902e-02
-3.187475385254194826e+00
-1.186622511133798463e+00
1.213558794654278489e-01
-1.174457952090760537e+00
-8.584098449043535417e-02
-1.277816913460055048e-01
-1.040675772393435256e-01
1.438998693091582126e+00
-3.292075505453353340e-02
-6.712042560516766621e-01
1.010307265617325534e+00
1.899735029051976998e+00
-5.746030489968484423e-01
1.197845109737187275e-01
-1.463893485095941083e+00
-2.003128968724422754e-01
1.011968394054082898e+00
2.069164098673983987e-01
-8.126835840371954278e-02
1.256796393186638550e-01
2.024232957139373124e+00
-7.534990031510740982e-01
-7.028572001535761116e-01
-5.731470964012749247e-01
-2.646741814453134722e+00
1.189862324375518865e+00
6.005092789378147985e-03
-3.123352843773177789e-01
1.029521858508744669e+00
8.378838892897672030e-01
8.875667055158018570e-01
8.062213682716315999e-01
-1.463247240796281823e-01
-9.592786402529982492e-01
2.021646102680465518e-01
1.639164959659934917e+00
-3.499302624366709136e-01
8.524089567851307336e-01
6.357811425901817026e-01
8.521059489799809317e-01
7.208386347815750606e-01
-1.967059064427577608e-01
1.238757552020451014e+00
-7.726219379989922309e-02
-2.209888395141236250e-01
1.384076275133326872e-01
3.932589030907698846e-01
-4.475034330366746693e-01
-1.104116819009890449e+00
3.765260297158419256e-01
-7.950578806885886252e-01
6.833999452702141930e-01
-4.823763795228332429e-01
8.191268250232891512e-02
1.101893141100298790e+00
-8.991265266282121027e-02
-7.637030117274894447e-01
2.471544630442996660e-01
-4.890402666141402399e-01
8.477058360673201953e-01
1.796607570565410095e+00
-7.956475079015119523e-01
9.111670104102818080e-01
2.715035944660207368e-01
6.411359492567264562e-01
-7.139009323084904990e-01
-6.791425014767913382e-01
6.944312629947078097e-01
-1.366632933638442515e-01
-8.483208493746714762e-02
4.448455727234958967e-01
-2.233049768853495598e-01
-6.993975918219592913e-02
3.886158619391757996e-01
-8.017761311172737215e-02
2.787034672727669027e-01
1.879046393190710429e+00
7.020366047388969521e-01
4.479445383351295940e-01
5.462974492185296294e-01
3.676712657797421846e-01
8.995300808758186495e-01
-1.702266322719097502e+00
2.059741031594561345e-01
-2.148852507895741004e-01
-6.536055190425120731e-01
-3.466531055701956854e-01
-2.204952789377943034e+00
-1.123682034420460107e+00
6.817523314994177186e-01
-2.591058899721654374e-01
7.147184009277252059e-01
-1.862265951896594773e-01
-1.232966243073717882e-01
4.524472506926237036e-01
1.556238763352194021e-01
-1.467323101861810253e+00
-4.414738092380413592e-01
1.187058118724734074e-01
-4.326702446184384487e-01
1.811486994462749189e+00
3.806395300247356617e-01
-1.684736555723415630e-01
-1.380173610053767042e-01
-2.339696755743253254e-01
1.350685271508997420e+00
-5.230648292059817545e-02
9.563957204601139517e-02
-1.611539101905968552e-01
-4.873612395252535090e-01
1.409470639511301582e-01
-5.571651278403760843e-01
-4.215728290305315040e-01
-6.150398423287508631e-01
-8.869307164862062498e-01
1.469945997083330180e+00
-7.674600209726437638e-01
-1.369064658877244600e+00
6.385591290446755997e-01
-2.545807474584158570e+00
-6.554857372993686537e-01
-1.853068752749410963e+00
7.510324792394588167e-01
-9.583614516575378328e-01
-9.335120595732893101e-01
1.213072088550843697e+00
-4.372517808173493892e-01
1.824315497330547320e+00
-3.530286641655418500e-01
4.983091701742137780e-01
-2.166270692278612076e-01
8.971152121758818598e-01
-2.261563532182878367e-01
-1.656111903991093870e+00
7.148073686684039973e-01
8.593760846547597587e-02
4.400290142598133891e-01
-1.222695208315141890e+00
4.455075737190914431e-01
4.423332528964775689e-01
-1.022468431945219081e+00
-4.976173951598920620e-01
-1.223010283017744060e+00
-1.671201218810313138e-01
-2.619691648578301724e-01
-2.014497306279064148e-01
-1.494309485499230261e+00
1.541609770694166714e+00
4.654218826788219521e-01
-2.644339828709949547e-01
-2.383044540086878549e-01
-1.457970026921186768e-01
1.491918779158375008e+00
1.338289490657336822e+00
1.069761113490589999e+00
-5.168449235302725597e-01
1.414464159120184250e-01
-1.860576744839697483e+00
5.706679709309164100e-02
-1.170511465391816941e+00
5.122079064724601727e-01
4.983948971316082277e-01
-5.021445997119874383e-01
1.096455924179486480e-01
4.059064220854314620e+00
2.023648534292677770e+00
4.743720645329557034e-02
-2.323386443368657683e-01
9.777558360989354602e-01
2.431874980133198250e+00
6.651105763695559503e-01
1.212371452842635922e+00
-7.542366388960906054e-01
8.540376923895215411e-02
1.619505659427359578e+00
-7.331611890182800906e-01
8.533518822748618060e-01
1.224734818693665073e+00
5.553715043012354968e-01
2.137852579308099077e-01
8.628725037999682712e-01
4.767267388435543762e-01
7.189477551062685157e-01
4.381141604559391500e-01
-9.501161115181957495e-01
7.835914179595832030e-01
-6.794159133343765644e-01
-7.158145219927459779e-01
5.868954457838115868e-02
1.288293182650337987e-01
-8.455568925737697583e-01
2.309497166149357739e+00
-2.115488389439498018e+00
-6.745825425286462451e-01
-5.210481560245946442e-01
4.438904369236679193e-01
-3.990827514307138668e-01
4.565152552477735881e-02
1.441566849851214638e+00
-6.839921571211640128e-01
9.242745476469730326e-01
1.590900696679135251e+00
-7.025996152543751982e-01
-9.961093909149772996e-01
3.635668093485727725e-01
-1.059934280995634248e+00
-1.911878052383755855e-01
-1.104599169431857986e+00
-4.618503253531057728e-01
-1.520058447774500499e+00
2.998880492973600084e-02
4.527732970418765768e-01
1.196728864963785277e+00
4.784496553682466291e-01
-7.691996176170711186e-01
-6.143205975716236056e-01
-1.557966530460512811e-01
-1.237936391289486293e+00
7.362302684558708066e-01
-9.524256871237710698e-01
-3.043462257669994120e+00
6.123033698854110085e-01
-1.333093939663987593e+00
1.541147756712685002e+00
-1.620620307604834442e+00
-1.276855136595592688e-01
3.863527241338991502e-01
-9.884996891792235951e-01
-2.540114799444808114e-01
-5.945478098508765186e-01
-4.068155813066120022e-03
1.217184652942915557e+00
-6.165869707055079418e-01
3.742909060593115345e-01
-1.120294590298112292e+00
-1.014211208696658428e-01
9.304281604387515392e-01
1.002185761323334035e+00
1.702496999450457071e+00
9.405592451063621295e-01
-1.490013707691949518e+00
-4.875507743518676940e-02
4.353997649625105520e-02
-3.815141538409735911e-01
1.071482663533544155e+00
5.999430520307482695e-01
5.895871336227379578e-01
9.333699392232995828e-01
8.432202450626022361e-02
-4.097526768721492241e-01
9.399801665290311581e-01
-1.021621818995719799e+00
-2.420823570037116568e+00
3.841693696649285394e-01
1.091384601933415466e+00
-1.253751893191884514e+00
1.137521284877917316e-01
5.983580271629433955e-01
1.401107956010810840e+00
-1.877344388760002758e-01
1.780222749912335312e+00
-2.530526729819639331e-01
-1.670104405502584433e+00
-1.262912926248367373e+00
9.493274143289271993e-01
-8.425572169809573964e-02
-7.145630166729648458e-01
-1.498303533793070796e+00
-7.483017488153715924e-01
1.241696316305498371e+00
-1.482569491329910116e+00
2.381156164701903943e+00
-2.499976172984533784e-01
2.226730103556917584e+00
-7.844144084620016666e-02
1.186136536654893048e+00
-6.992358702439708251e-01
2.513708887053801577e-01
-4.215803829744196318e-01
8.026086891647072896e-01
-2.268312414370192154e-01
-1.406245452223690573e-01
1.686867686855885839e+00
5.495726453713498105e-02
3.206481169064635539e-01
-9.781584957040495576e-02
1.331249955086896142e+00
-5.671271099708926483e-02
8.282479521097007025e-01
1.297221436901203839e+00
1.196008249048513328e+00
-2.987933549408832712e-01
-4.451033561593796262e-01
3.857771509284007583e-01
-8.768706353083426108e-02
-4.693835900604654832e-01
2.470733786059720882e-01
-3.976682152413872351e-01
3.712406967313767181e-01
7.085054598985180974e-01
7.242499492575399378e-01
-2.384010668083878792e-01
6.523432825895051357e-01
-2.130920273241971863e+00
-1.376287431106158587e+00
-1.002590812344064997e+00
5.320596950981715256e-01
2.178800041168636792e+00
-1.108058284431487017e+00
-4.188606652777025485e-01
-5.054079031313861436e-02
-1.065847878081067623e-01
1.023397521628431894e+00
2.515255822929407525e-01
-4.934457599459415866e-02
-7.429721980575895168e-01
-3.056235630856925511e-01
-4.257068433846621924e-01
4.842930602020252828e-01
-1.243112809210763725e+00
-6.150329628321632436e-01
1.043208826052737681e+00
1.075118236821231088e+00
6.162893129807542891e-01
-9.589349129829964902e-01
-4.091207047690227361e-01
3.615691141791224084e-01
7.504350358171628654e-01
3.076932693110845940e-01
-6.908465505028635878e-01
7.024573938789668848e-01
-1.108816549757848380e+00
-1.413952789666638843e+00
7.693398263818695959e-01
2.421057852208478856e-01
-8.992916479915649131e-01
2.349465531602799917e+00
3.380701692005951275e-01
1.549985666391753947e+00
-4.457888256695215490e-01
4.096813127265288013e-01
1.335563984833222639e-01
-6.676365552286153138e-01
7.989861216858205051e-01
2.948615931477518437e-01
1.643077402994137515e+00
-2.998210493517195485e-01
-1.038236517007183446e+00
-8.012070863322378056e-01
-2.010248562433227359e+00
1.280919058833095203e+00
1.556704252422106138e-01
-8.259393165962602978e-01
1.253857040113307009e-01
1.010495113153103031e+00
-2.187878875760261022e-01
-7.894346250390835151e-02
-8.574998450446421616e-01
8.212195257891794498e-01
-1.111727021172753682e+00
-8.768039399336953199e-01
4.760521390968548427e-01
-7.284806174449712790e-01
-6.621745964132247364e-01
-6.301082854361907959e-01
6.247283899313628153e-01
4.387206852014205460e-01
-4.103676956350006955e-01
-1.844299497494543472e+00
7.981014836499976672e-01
-4.238160519808928939e-01
5.344996728565019062e-01
-1.087085505964779930e+00
-2.621856254559896682e-01
6.492354963647206656e-01
-2.711067156100901987e-01
6.125679469048878056e-01
-1.400575485940197762e+00
-2.281898228672627926e+00
-2.670078697985506899e+00
-5.945400433665525286e-01
-3.203060742842241404e-01
1.710619341589331155e+00
-1.034277859610758243e-01
6.003390745276099283e-01
1.953495026769259901e+00
8.305184612113373221e-01
7.161346892070128423e-01
1.743664712231374647e+00
-8.509880763627059030e-01
-1.003285022623146672e+00
-3.874131880446888276e-01
1.130169993998791256e+00
-8.433551569354431621e-01
8.600147348224571608e-01
1.127977332183832448e+00
-5.074861734534718005e-01
9.849402749167703863e-01
-5.543206782148211165e-01
-1.334945655948820420e+00
-3.487386230036610413e-01
1.356097737468395126e+00
-1.253499174694272522e+00
-7.110471231400655734e-01
-8.038475051223821222e-01
4.969828342169953506e-01
3.116091978918212879e-01
5.600645019559916671e-01
-5.809043838912335556e-01
-1.717325832897818705e+00
-1.529963920256860455e+00
9.825149102789711986e-01
9.363165482825704933e-01
4.959619367226216768e-01
-7.302703485024504282e-01
4.509087547355212777e-01
-1.678248788547913317e-01
6.279616494255604309e-01
8.600662249995301156e-01
-5.294537817834553683e-01
-5.064217865167782717e-01
1.543269468959933555e+00
-2.018326327646299823e-01
4.104916553302950799e-01
-8.133278324363443224e-01
-9.387012924594131391e-01
-1.276716036812632904e+00
1.128806505907628877e+00
-1.240127754775439683e-01
9.758882507320276734e-01
-1.482116610444705884e+00
6.901253680072738650e-01
-1.778003389414941848e+00
1.469407725308002011e+00
-1.833417509441480353e-01
2.048545758748156476e-01
4.387295210740654178e-02
1.860702324423845477e-01
8.782954849136707098e-01
8.096936752970137485e-01
-2.927907095368870727e-01
2.956023662164026233e-01
-6.897432207307385710e-01
1.330888485289650980e+00
1.980794351201547454e-01
1.856794718478946615e+00
1.169180283677976107e+00
3.904140031988115322e-01
6.795909035966066769e-01
1.955052739661110595e-01
6.687576579520165820e-01
2.616251979322781196e-01
1.105283044253979829e+00
7.380973098210789063e-01
2.278234396792759853e-01
4.677437448828115629e-01
-7.795253655431881867e-01
6.880835721047807718e-01
-5.425238082201142703e-02
-1.042179233085174378e-01
6.994562456049829846e-01
-2.784544846436236565e-01
-5.082921842747576413e-01
-8.745422859803567706e-01
-6.067333537331162097e-01
-1.401950148878004621e+00
-6.202456750553549947e-01
1.352444438479578404e+00
-6.827072733123721315e-01
-1.147777513528436932e+00
-9.359025910895868439e-01
6.081692099569173671e-01
2.612108578694371519e-01
-8.690597250434273224e-01
-7.488555366229468491e-02
1.564878953291090280e+00
-7.172176592467792711e-01
6.364403386776559257e-01
-1.558606854925884022e+00
1.426946182677431979e-02
-1.113890970876118214e+00
-1.120987626479358124e+00
-5.836505168516333830e-01
2.972853949276446639e-01
2.618996311773851282e-01
-5.313607647062214001e-01
2.280472427774922206e-01
-2.615481253219030799e-01
1.801967599453991875e+00
9.371230724455037464e-01
-1.163023697984488569e+00
-4.276683488908298858e-01
1.970602560995188546e-01
-5.837452024801601524e-01
-6.312110088138949138e-01
3.027524593181249113e+00
7.970172417950329713e-01
3.080706351738635718e-01
-8.257387938849266584e-01
-8.475314053441742601e-01
9.236300545722241351e-01
1.472252062538941253e+00
-7.218622665861946786e-01
1.023452424187253129e+00
1.201588738593849515e+00
-2.179877701285389824e-01
3.334828725773087976e-01
-7.803717940012943055e-01
-3.157157283513011281e-01
-8.432199249047366285e-01
-1.704185342476745024e+00
-1.130350588812527146e+00
2.749818139750925816e-01
9.483971449845368662e-01
5.155798531439916843e-01
-2.951297517948624494e-01
1.246349168319789147e+00
-1.136248048301753411e+00
1.235402041074700641e+00
3.196110969364798216e-01
-4.300291265146599651e-01
-1.260313039062898488e+00
4.687526928604792698e-01
1.106324389679927078e+00
-1.681370943373099447e+00
2.183271576234827871e-01
-1.326675872246717569e-01
4.753945049244444549e-04
5.150903522842208843e-02
9.760059292183030921e-01
-1.288272326428530068e-01
-6.790287091614087833e-01
9.091107077208513410e-01
-1.513772692910540174e+00
-2.157188175161184329e-01
7.138630496112172708e-01
-1.648931822319012364e+00
1.851280210450111818e+00
-1.705642537959829896e+00
-7.212144317686982609e-01
4.828527656143360991e-01
1.063796351317445987e+00
4.186101308672287025e-01
6.561475940087164727e-01
-1.301595751386391386e+00
3.346827124671903908e-01
7.155672153038336036e-01
-1.224351152353091887e+00
3.452793601642548671e-01
-2.234707553825425186e-01
5.406327004383827406e-01
-2.988585650133640699e-03
-2.189241047586967692e+00
-6.414031184538354635e-01
2.876305965858341751e-01
5.451218548545553322e-01
2.262933972841743913e+00
-1.004049840137346772e+00
4.593796768123633023e-01
-6.054338590188900193e-01
3.403557739871548304e-01
2.347670921210913419e-01
-4.305419976490234002e-01
6.351961258853782155e-01
-1.059344382398336171e+00
1.589238963426858220e+00
-1.174264219052384206e+00
5.441534385531651141e-01
2.913966287663610211e-01
-1.659027129128827882e+00
4.795403545754103186e-02
-1.065369294405847711e+00
2.099385612061376027e-01
-1.397735266970798022e-02
-2.063017897550700058e-02
2.460666992337489367e-01
-7.187428790349742469e-02
4.647678809253417698e-01
1.470168033463475910e+00
-3.314466057482481215e-02
-2.764678783168522669e-01
-6.117886751917192556e-02
5.969749265444727199e-02
-1.992154634934963697e+00
5.873928987266884283e-01
-7.443710781919532504e-01
-7.771089225110530130e-01
8.381869506904149336e-01
-7.961632394040460969e-01
-4.642382381333975405e-01
-1.280033353832227272e+00
1.695144538238769316e+00
7.503068493586309007e-01
8.992397944005319221e-01
-1.718352530402328382e-01
4.169991672891751877e-01
-1.186319253852113453e+00
-2.640453623992102816e-01
-9.373115254302629706e-01
-4.920239293392663499e-02
-1.674343653344557703e-01
1.541944980589433634e-01
5.023909774153919594e-01
-4.259439183348467939e-01
-4.545370666271353888e-01
-9.860226239579142904e-01
-7.817145861694850539e-02
-5.024231211712257839e-01
1.033915095000393247e+00
2.817192574888863765e-01
-3.417787923231119240e-01
1.222789379300233570e+00
-1.574351819543641229e+00
1.627264208249729505e+00
3.579947630019419957e-01
-2.763252421845949769e-01
-3.462237931411061426e-02
2.512282489709088962e-01
1.039834194593709071e+00
1.292713759282771102e+00
-7.623591212429864372e-01
-1.255399777178543667e-02
-1.240226637375805963e+00
6.249238880457300693e-01
-3.624874622161358140e-01
4.634347260718466588e-01
1.268198298169912752e-01
1.558880897637102469e+00
6.332868603560979359e-01
-1.467429831715435229e-01
-1.252753064152956064e+00
-4.126448226588441126e-01
-1.573579380132656413e-01
3.141047872995085477e+00
-3.444342126592337960e-01
-1.651335664313573259e+00
-6.980890208340996272e-01
-1.426941328788021268e+00
2.402651077208082686e+00
1.166877294952513466e+00
-7.193727451972493636e-01
2.600875283127915161e+00
-5.544453205021138142e-01
-1.632692661274534940e+00
-1.045672555774820101e+00
-1.027027924048437901e+00
-7.204193930581669347e-01
1.311896002607621181e+00
-1.344133060407231572e-01
1.348711546544145490e+00
5.514833398861043179e-01
5.451174706809448489e-01
4.433347649821018921e-01
1.836315345951103239e+00
2.739513853263017204e-02
-3.049064156567514172e-01
-1.052638639418491895e+00
-4.352429687141006528e-04
-6.100261486835872882e-01
-2.196930321130038111e-01
-7.508351001891371279e-01
-6.346136927864104438e-01
-8.289447347130618482e-01
1.358895221443563450e+00
-6.093521523345373225e-01
1.885068389600121463e+00
-1.617387497707408472e-01
1.305364042630354771e+00
-8.877685807346752389e-01
2.536363893269742320e+00
-7.911284066619895805e-01
-8.076623766453851216e-02
1.054340455211329353e+00
-9.129394726589440401e-01
-5.342147060978729156e-01
8.433226836535302473e-01
8.496552856652922481e-01
-4.011664554766964375e-01
2.372935055982404451e-01
1.033245056276739682e+00
9.451165468249881352e-01
-1.083704711601430448e+00
-6.420966442586520939e-01
-2.977960937954569065e-01
4.323862856298893442e-02
2.271163463031499741e-01
4.166174995527735514e-01
1.686618537733834966e+00
-6.135369145641562660e-01
-1.303166623440754623e-01
3.691974492488009907e-01
-1.012721203036158091e+00
1.608698893009332220e+00
-2.195038377504741955e+00
-4.581588100843931866e-01
4.011793174395590356e-01
-9.098090276857664360e-01
1.179903889747920154e+00
-1.032450070509912443e+00
-5.892100077150077553e-01
1.539684070302391183e-01
-9.624824690376128089e-01
-7.343008473030337990e-01
-7.270386426138931713e-01
1.016604159427116461e+00
-6.021522987446620290e-01
1.048392776835258111e+00
6.277773288589905132e-01
3.284431789959668668e-01
-1.279803796147425343e+00
1.112730191404827096e+00
9.046979516223974116e-01
-1.315342302898723448e+00
1.327404737705300430e+00
-1.660417275685573291e+00
4.822857254060581300e-01
-1.327159761760016599e+00
3.907722914947392434e-01
2.154661315375887565e-01
6.158392255647643365e-01
-8.020490760695037080e-01
-1.163485206045705045e+00
1.207875032721056785e+00
1.366280344543946423e+00
8.939167254513507022e-01
4.148548156129204245e-01
3.554078347412720884e+00
-7.587207865065831447e-02
-1.742723215650768598e+00
-5.452630057444102230e-01
8.401222981261694533e-01
-5.670123539903142440e-01
1.059189623088459126e-01
4.589221579571901022e-01
-2.389868204839466215e-01
-1.561219494725571699e-01
9.633491479326992124e-01
-3.060530777207636777e-01
4.586231915068633147e-01
1.744765226916968059e-01
3.494760896662577054e-01
-1.516011582387754242e+00
-7.314494499639571101e-01
9.303528758180520386e-01
-1.270941887406385362e+00
1.745621734007722248e+00
-2.599182732404743401e-01
8.199048716169496931e-01
-7.956403409456895837e-01
1.354373394503194161e+00
-1.778005654884244058e-01
-4.166952731902400786e-01
-6.443044861984149607e-01
-4.121861640545012029e-01
-4.118254492119818866e-01
5.716154497756756880e-01
1.744248115116731501e+00
-2.288415110591805746e-01
6.914034278267063849e-01
-1.254265707281196685e+00
-7.778504354368524776e-02
-2.630177673291366758e-01
1.572781598183999874e-01
1.718466746910352061e-01
-6.936753937286983529e-01
-1.058382719021838447e+00
8.378548020383417283e-01
-9.048774225995862008e-02
-7.484634060457918681e-01
-9.436423829064022328e-02
-1.305897369416166409e+00
2.263890515444784146e-01
-1.683830839662459500e+00
-7.025436109149760799e-01
-4.635944709064726554e-02
-8.388179014687406898e-01
-1.156916866806340316e+00
-2.763455832260604539e-01
1.117518714824042858e+00
4.728027304539220710e-01
-1.456189458965657657e+00
-4.381870315981044040e-01
-4.227430891560939041e-02
2.126588220227030757e+00
-7.348442127305675475e-01
-1.206968725804444142e+00
3.343513877066712353e-02
8.763161892443524503e-02
-1.556274527588821899e+00
-1.021053288222341093e+00
-7.173603098934974165e-01
1.008246644312419171e+00
8.938395566437041390e-03
7.449675279785329396e-01
2.186767002473422317e-01
-4.469897707266036746e-01
-1.744551210595546298e-01
1.294917331231089763e+00
-6.251067451345724280e-01
1.228536865294730385e+00
3.941569565764980743e-01
-9.290039511280591134e-01
4.757995598509410229e-01
1.662284549527684563e+00
-8.086211502888542846e-01
1.173036075812638052e-01
-4.978472095038542489e-01
3.443301304882618874e-01
-6.419781811580377306e-01
1.920942958578741866e+00
8.992092731907006531e-01
4.146463254008493915e-01
1.383775087197729015e+00
-6.377498847586627884e-01
-7.080247301802506943e-01
1.491235776789863632e+00
-3.556937614510732981e+00
-5.715539909648246208e-01
1.376238322434440164e-01
2.035679918234327701e+00
-5.012388248646875155e-01
-1.527258862745283663e+00
-7.983324326720337982e-01
-5.314276901276450138e-01
-3.108355927522817308e-01
5.734474615740643433e-01
1.358751951347827447e-01
-1.164731789162072095e+00
1.391372748089603428e+00
-1.714824428146835444e+00
-3.157350310321234699e-01
1.592915252443607710e-01
-6.052936206095607119e-01
5.828065300137370564e-01
-5.398164412141779334e-01
-1.116234864979560176e-01
1.611123251122765221e-01
1.546058541955971921e-01
9.766795362043259043e-01
-1.168019945275565963e+00
2.913601166439973578e-01
4.978975826967024440e-03
1.524436429862776610e-01
-5.504758551093937857e-01
1.463600571690360175e+00
-9.286753179625981680e-01
-1.217070613941938051e+00
2.140341810162864622e-01
-5.805175010125674939e-01
3.239506402616282865e-01
1.410499593682460473e-01
1.456522070220704679e+00
1.643553666399857893e-02
-1.694927903888572729e+00
-8.790877064076080272e-01
3.308615101975479478e-01
4.630190574271988296e-02
-5.404894797491783809e-01
-8.501684383363194986e-01
1.342474871739459452e+00
1.066328214411468300e+00
-4.198612579970503744e-01
1.156776290174654331e+00
1.632087450722757849e+00
-3.736754950870215253e-01
-2.390939429071822886e+00
1.775291661353635142e-01
1.802163935010873130e-01
-4.412176468023610854e-01
4.213292202603243775e-01
-1.038323948994547052e+00
4.345258083722699192e-03
2.580076062599574449e-01
-4.223248502979954355e-01
1.995552676630985678e+00
-1.228763545073034091e+00
-1.662865938370962915e-01
1.361041283924870671e+00
3.246357021450428371e-01
4.711219390453579292e-01
1.296342810519574451e+00
2.218233767269027490e-01
-8.123739146456572247e-01
5.826981755569641264e-01
-1.031279233118039818e+00
-1.240135918138198928e-01
1.575548697363591488e+00
-1.553732769030395644e-01
-1.727268575700386055e+00
-2.397959861084245636e-01
3.154749018982732907e-04
7.646834805741798968e-01
-6.512271412174126528e-01
3.146122116230189447e-01
-1.407011584837337681e+00
1.513978599472890041e+00
-5.482064465838537570e-01
3.858419112064623846e-01
-1.208042840933251094e+00
1.348578069392700085e+00
-5.478087165424820881e-01
-1.178499041392595759e+00
-5.456816360287355394e-01
1.111371269923766836e-01
-2.488265382113047375e-01
1.842305470394333955e-01
-5.499288910417988729e-01
8.865152810364413938e-01
2.282295612359507953e+00
-6.611961193326418851e-01
5.822400206815729895e-01
1.501331529916985208e-01
-4.569613856088629023e-01
8.598005564155642988e-01
-1.151837330006127758e+00
3.929824026848445784e-01
-2.536210615392425205e-01
1.219083216798918068e+00
2.908590156849963360e-01
1.009482140603149780e+00
5.356389193093943346e-01
-1.018748065745349152e+00
-1.489834970328483554e-01
7.303924600698391556e-01
2.223112550861528203e-01
4.737889788817040704e-01
2.568902844402797259e-01
-6.104913805355698386e-01
-1.979824018939932539e+00
1.104705241508507241e+00
3.786471891387461763e-01
-1.081670711094434162e-01
2.819222002360822765e-01
-1.135987294557740279e+00
1.968347856421809872e-01
1.649253622869786939e+00
8.999136665342429009e-02
1.060004106000655803e-02
2.093673141755431760e-02
-1.145784937559765071e+00
-1.496072307120748457e+00
1.305215051717508290e+00
-2.230033230714014436e-01
6.212890954947236644e-01
1.509455097956560465e-01
1.839630714783213605e+00
-4.323509961074870622e-01
-4.941566633620658733e-01
-2.036095764121337304e-01
6.321198364174773765e-01
-6.951706431928433849e-01
1.833293691265367592e-02
3.937857904886494786e-01
2.324272788066561179e-01
-4.050114936398375720e-01
-6.094139133438384315e-01
-6.405033286333856879e-02
8.906211002952020284e-01
9.500405997447427531e-01
