1.173173242952081363e-01
-1.232336843809920812e-01
-1.169723882158965500e+00
2.422841730557648621e+00
6.181297139253667285e-03
-1.102842774385964564e+00
-7.123807569085620350e-02
2.300031896860573744e-01
1.579636099427672358e+00
2.983864197165352339e-01
-2.587238835838784681e-02
8.649034297702554719e-01
-6.676445248372256391e-02
-4.314367271077376720e-01
8.101588049020099769e-01
-3.898343021552511112e-01
-1.792776649288355451e+00
-8.479662302105279714e-01
1.343345021382913451e+00
2.032934433013945941e-01
-6.158282561409604838e-01
1.411667995515843321e+00
-1.302151588153029449e+00
-1.065118263398067366e+00
7.439981413248247799e-01
1.209665042332356721e+00
2.546290217354356122e-01
-1.049711612443954278e+00
9.444594904682898084e-01
1.659784072193449145e+00
8.277445199019585198e-01
-1.187075800862930075e+00
5.970417832733159180e-01
1.137115131958398306e+00
-3.349206756102650062e-01
-2.465629344479754348e+00
5.377068861257205956e-01
-1.892622479900376797e+00
5.690252465161022011e-01
2.009302332704282268e+00
1.343534707849310950e+00
-5.399425740946903751e-01
-1.824045471114933203e+00
1.225356784304810542e+00
-9.228763740969074814e-01
-7.271162013499565813e-01
-4.830545825051212327e-01
1.803338523157403284e+00
-1.447109418237564338e+00
1.842616438209049856e-01
2.785516753363298514e-01
-1.861208777773183165e+00
8.433056421263027680e-01
-9.712392679121591987e-01
9.588443898533055565e-01
-1.040866061686438249e+00
1.099129415616409089e+00
6.778927498549025543e-01
-6.327230340219118787e-01
-1.128667795301981913e+00
-2.233232892300412775e+00
1.653639622235776319e-01
-3.682640483201348180e-01
5.540813841831541131e-01
4.401608495302322677e-01
-1.363347724368922376e-01
-1.025007423074110635e+00
-5.727002256212783415e-02
1.771513245685480964e-01
1.383051373436252895e-01
-2.200570820577949227e-01
3.403108399862471434e-02
-9.988478510335000449e-01
1.003074828770717630e+00
-8.772282936602505687e-01
-1.450352026839367037e+00
-1.723485260224832727e+00
1.128408901252496044e+00
7.730880526889140070e-01
-9.470159251447524129e-01
-8.318762878086090051e-01
2.186434514146635255e+00
2.512217161813917965e+00
-6.210894496672979548e-01
1.238256473640148236e+00
-1.461231642554778887e+00
-1.052181544226801435e+00
-1.090262714565953139e+00
-1.179733610043978143e+00
-9.404255329414862308e-01
-8.224494978325230798e-01
-5.983617160348400077e-01
-5.452835456130237235e-01
-1.893571667524810875e+00
-6.636360231201743343e-01
-4.724859685576527357e-01
8.023072613004794684e-01
6.896063281521359889e-02
-4.757969135691040852e-01
4.115740285930545193e-04
3.033000111171988977e-01
-4.814324614105927602e-01
1.826728054210247087e+00
-1.051937017693569398e+00
3.262664221296258243e-02
1.530576184964540731e+00
-1.336652389870413904e+00
-9.086921869334769752e-01
2.831749913893752968e-01
1.382745666169028276e+00
-1.559414365324106877e-01
-9.686836311719554393e-01
-1.223299667008141967e+00
-1.415076521591454251e+00
2.095709816128821679e+00
9.745340003765038533e-03
2.525760797716869455e+00
-1.635111878522920448e-01
-3.123220795033921360e-01
1.235930703792885443e-01
-7.467270113244323104e-01
-1.660830617438953327e+00
1.967299258581995058e+00
1.632628099839300795e+00
-4.014196124913042563e-01
-7.497537341326295790e-01
6.695958193019145854e-01
1.456216999510671961e+00
-9.313225860524197985e-01
1.093783879995453789e+00
2.435117381216429511e+00
-8.489267134102722601e-01
6.952802557958408514e-01
5.154525114111546680e-01
-6.878498712670396698e-01
-9.107940251214607930e-01
3.328810075636718935e-01
-4.533752840389490002e-01
-1.193305408920054100e+00
-1.012508933355980023e+00
-1.507136497174843721e-02
-6.075556920000976108e-02
1.643611578509210691e+00
-9.246694087343972912e-01
5.402678585010013412e-01
7.044724607221730661e-01
-2.887075049608485711e-01
9.605962092305386779e-02
6.849543246200714419e-01
6.747487149432338516e-01
2.214438692463134850e-01
1.252632979126719670e+00
-2.152195567551220989e+00
2.271540362021835513e-01
-2.395052614516028078e-01
-2.744098133365954206e-01
-1.051510658930167486e+00
3.021184260285680323e-01
1.350147964801369005e+00
1.419681704752677520e+00
-1.360761981449887248e+00
1.302741610906101410e+00
3.031235693853109314e-01
2.478672676296978794e-01
-1.518647333497736840e+00
-1.573890610996166450e-01
8.216654566791704584e-01
-1.159078309482861835e+00
-9.584087400478172869e-01
-2.017384558336144718e+00
1.612585299703693131e+00
-5.858183529020731806e-01
4.377685175429927855e-01
1.209488956527021264e+00
-9.499031463228343464e-01
1.388829313489081674e+00
-4.569781876405454857e-01
6.278056370274950337e-01
1.030201023444851094e-01
-9.415142537588199190e-01
2.648649760331826530e-01
3.895209175115144085e-02
5.566732937556817529e-01
-1.335683958807330762e-01
4.658901702639779707e-02
2.580679414657560233e+00
-2.473665885958224731e-01
-2.101281334091593123e-01
-3.168754974880385045e-01
-1.826752922998287287e+00
-7.654157496266219551e-01
1.425529279418092488e+00
6.482576675874059946e-01
-2.127692121932791558e-01
5.858984496324693564e-02
6.147452592208136890e-01
-9.531671392874827564e-01
-4.454962063782103021e-01
4.377112105543141674e-01
8.273201050090501774e-01
-1.011637909182772216e-01
3.641213981128348376e-01
5.218527463654767384e-01
5.186348920313512689e-01
2.086968134993864243e+00
1.917282677770051902e-01
-1.485865703359420920e+00
1.512568497277013702e-01
1.930181465602113788e-01
3.078321184568888480e-01
2.054883556448549697e+00
2.262934934911744189e-01
-9.581947615281227737e-01
-1.509411480909313541e+00
-5.677822852363362260e-01
-6.970753233760778045e-01
-7.382606147161049348e-01
5.565646985932468649e-01
1.044256481502076950e+00
1.056701580768400150e+00
6.328043788015959015e-01
-7.212651044771100084e-01
-4.957958835013305809e-01
-5.758605284987711181e-01
-1.676785927989479008e+00
6.076812845368452232e-01
3.551734924771140500e-01
-3.212745648828282397e-01
-8.340920906665868495e-01
-7.414994075489451941e-02
-1.542333858021414317e+00
2.093096932034213264e-01
-8.464208269062170054e-01
-3.499187653762563799e-01
-9.703279091864993600e-01
-4.679654689281461666e-01
-6.611508943537378058e-02
3.381164949875801740e-01
8.387975086934457147e-02
-1.913711795604539079e+00
-8.479524818782269158e-02
6.210266561793597040e-01
4.148382072940074439e-01
1.219760050464922418e+00
1.054573163525833079e+00
-2.846491582499485196e-01
-1.390863033031690010e+00
4.851939338829718840e-01
-8.933907311057236456e-01
7.457685259008724199e-02
-1.789354506085480745e+00
-1.925305961642796992e+00
2.421551049516717846e+00
-4.068921046272185316e-01
2.121605860472406124e-01
-1.045114591523339076e+00
-1.102484283504483464e+00
-2.201769150094580851e+00
1.274805863387890037e+00
-6.438745611974048266e-01
-1.663801366097772405e-01
-8.081223726406977503e-02
8.521626833288326042e-01
4.318529596120321279e-01
-4.494812050128318970e-02
-2.155237462590071373e-01
9.348377022214368059e-01
-1.332520813800535331e+00
-4.264770524499862936e-01
1.601130763298055593e+00
-1.026903266201231402e+00
3.772464400730698997e-01
7.190227828193448412e-01
4.656305743424897503e-02
-9.222056224347376929e-01
-5.437489360141118944e-01
-3.518969225653035271e-01
2.013274610565067846e-01
6.948226224079784297e-01
3.147460110790814003e-01
-1.819385644376040778e+00
2.222637525177111772e+00
1.228696974842491629e+00
-1.365242991025799268e+00
1.276679903937172122e+00
-2.181445354451415873e-03
1.019796892427468071e+00
1.395713860911276805e-01
2.556205589375174725e+00
-7.343308390607792280e-01
1.229115327406634206e+00
-1.954309895055925950e-01
9.557168035801183459e-01
2.165348128670516736e-01
1.051395181760343744e+00
1.654472231805938609e+00
1.071580468905634964e+00
-1.619910712600228508e-01
6.174206299725655267e-01
-4.939444158993704370e-01
4.275398398648518894e-01
3.908837664407754930e-01
-1.513886746581348142e+00
-6.495473916245824153e-01
-1.335869913455702385e+00
2.932355853305404839e-02
3.610146916799480410e-01
-1.091924840758443871e+00
-1.363131406505013521e+00
8.956770995537557400e-01
-1.118405719158262590e+00
9.793607229391185776e-01
-3.384447419237254229e-01
-1.687490047114692748e+00
-1.061729667031962032e-01
5.724136341175156684e-01
1.112247966152102785e-03
1.076038433852883447e+00
-5.437281682325956211e-02
1.148013615941316123e+00
-4.339743216209660526e-01
8.750245608139129994e-01
-1.451693412936012395e+00
1.030533904367137016e-01
-3.855052531774451063e-01
-2.949589342402521019e-01
6.861206774524427621e-01
1.464361607019894373e+00
1.041452454324077070e+00
-4.112455770616522122e-01
3.839948231059626682e-01
1.794910263239306802e+00
7.642295947513785825e-02
1.077737852264571083e+00
6.110171760730096491e-01
-2.411065608651497272e-01
-2.286040623589815635e+00
-7.934641108052428171e-01
-9.622843486783187739e-02
1.633263877174332412e-01
-5.524576465123464120e-01
-8.342054239212476005e-03
-6.184100789186816050e-01
1.463407996899023789e-01
-9.452866814596205813e-01
3.328478442445463314e-01
-2.138602129489623194e-01
1.248002457842009916e+00
4.446465398976246486e-01
8.460299349101478850e-01
-4.938367914034174078e-01
2.579863273397221546e-01
-1.271103791787341120e+00
-9.360950116560636802e-01
5.897522879336368762e-01
2.169149576610914787e-01
2.546222760701389309e-01
-3.299437666178064443e-01
-6.426774630024962853e-01
-1.021014874281766405e+00
-1.498860969870227100e+00
-2.209519420406588497e-01
2.731379922168700181e-01
-6.281703460355533286e-01
-3.371551194649120564e-01
-5.484429264534834703e-01
-2.171711936608939839e-02
-2.498991081126549219e-01
8.320600554143373628e-01
7.836981215866674066e-01
6.484161526687614030e-01
1.619692350934137881e+00
-1.328817485126110087e+00
9.501934663258346236e-02
1.081001140951226791e+00
-6.930410598391444355e-01
6.929832127795495511e-01
-4.556845241199186658e-02
-5.093779402874025752e-01
1.447985087765035983e+00
3.447432164186224335e-01
1.384611370202758707e+00
-1.042925745603229926e+00
2.470863142848042315e+00
-1.548942365938108301e+00
-6.609769950622812473e-01
2.291900960395780729e+00
1.268783078328566960e+00
-2.653573296189175035e-01
-1.059996189099535080e+00
1.771831057487797345e+00
5.258137127437448877e-01
3.677521412990218952e-01
4.495800603197716017e-01
-1.962267069682880338e-01
9.118235341143536843e-01
-2.568419448894433632e+00
-2.764541184778225302e-01
-8.840656631764778339e-01
3.181917311180171848e-01
8.768254088362263943e-01
7.330996876648457894e-01
-6.196448383174487651e-01
1.166306006395015471e+00
-6.234242900502504625e-01
-1.065090213173575773e+00
-4.074706494179841099e-01
6.969259083102976593e-01
-6.411761647337284042e-01
7.397107145760190017e-01
1.599734588147281589e-01
-1.498479798833377286e-01
1.205735221758732045e+00
-3.103076952124106391e+00
1.152164994801686992e+00
-8.250572783319397308e-02
2.940951901343832331e-01
-4.793221119958430143e-01
-1.733481032227536245e-01
-1.855472280987125133e+00
-1.965814586096119587e-01
1.001892982442508684e+00
7.563168911068144373e-01
-1.062053490981379023e+00
-2.120595455826009557e-01
5.551415586270836977e-01
-1.496262359309180612e+00
-1.637800881849809764e+00
3.641006455129798258e-01
-3.366707871855958295e-02
2.173675997669809734e-01
-6.429341885969535042e-01
-2.607323924906556067e-01
2.063243055685410610e-01
2.126775033835847650e-01
1.525676243223450301e+00
-2.756150425805425352e-01
3.297747310191587733e-01
8.938378633113192029e-01
1.164996766873217959e+00
4.397493728227806487e-01
2.334096664407865965e-02
-7.302410195032511542e-01
1.682252594285402525e+00
8.690600908665075952e-01
-4.048355605739050733e-01
-1.559553209514117134e+00
6.431420112270185008e-02
5.342787063457981045e-01
7.885733530100149657e-01
6.451349076983499131e-01
-1.920661567308649786e+00
1.737710056046017248e+00
-1.989782541305483432e-01
-8.153643150248420790e-01
8.483691842414096129e-01
1.434780193076303556e+00
-1.101828462465137964e-01
-1.037320948152631983e+00
6.714853887760477980e-01
1.260186195125047592e-01
-1.486664370152470438e+00
-4.254073973394194019e-01
-1.763960492298639327e-01
1.368535976466074500e+00
1.274617680708437506e+00
6.126372332282117306e-01
5.425101454090151126e-02
-5.109904747227329569e-01
-5.608258522030191706e-01
-1.186180768844057987e+00
-1.673754180808814107e+00
7.198566458537265511e-01
-8.599033380839693486e-02
6.017885513803304942e-01
-3.095861988854156643e-01
-4.219726978988896371e-01
9.594118555399917814e-02
2.154028823815798410e-01
4.892660002984075551e-01
1.370165784825021493e+00
4.123727405527077838e-01
1.144245823902289461e+00
-3.411718602897080288e-01
8.078070686011147306e-01
1.343117233573164926e+00
-5.508100177425822447e-02
-2.871251896375252022e-01
-9.381826056735443897e-01
-1.282878273813926828e+00
5.060503620093863286e-02
2.657511672728835039e-01
1.248400104210810047e-01
-1.930753689580762544e-01
6.857644379688682124e-02
-2.008546562329747154e-01
3.852133598261593961e-01
3.699073634749145967e-01
-8.500690426659436305e-01
9.463442024167094679e-01
1.183017562518502874e+00
2.252211265119934969e-01
1.855074544194914299e-01
-1.073584438624275661e+00
2.871853055028166790e-01
8.599417345434430260e-01
-8.199852152435065378e-01
-1.921966453541889663e+00
-1.017985187853480550e-01
1.075033934165153582e+00
2.840971254883561392e-01
7.113889298308353482e-01
-1.926164030067444022e-01
-1.829421719456491846e-01
-8.219920654808666738e-01
-8.267968706821089420e-01
-5.695472246618392687e-01
4.430135622683675778e-01
-2.360419180073936307e-01
-7.612813861543783756e-02
-7.263215628524966050e-01
-3.270468078450868704e-02
-1.322746211575039244e+00
1.594006353455804881e+00
9.717384924736494067e-01
-4.005708362940080036e+00
2.990562412135691628e-01
3.321010471794393348e-01
-7.839166663995951190e-01
4.097829859372016381e-01
-1.020008171531447960e+00
1.202852065497932221e+00
-4.207140469705725194e-01
5.037185515365609767e-01
9.682523004325545302e-02
7.544361294503869608e-01
-1.353199416613236394e+00
-4.904010551672955964e-01
8.692301895174099347e-01
-1.370485405228980547e+00
1.057147619826036555e-01
-1.315327356460844477e-01
-4.199240346617547637e-01
-7.492430635077491907e-02
-3.244298921766371469e-01
3.143500320628040412e-01
3.879410065569833255e-01
2.463121618693035197e-01
1.194670785895076914e+00
-3.583089532709288205e-01
1.691600625277641212e+00
4.533045384452679127e-01
8.145599522466545617e-01
-5.054745982896954315e-01
1.290248782349464607e+00
1.968977841081288149e+00
-1.256516931868707276e+00
-1.459748181448655480e+00
2.685681911997435112e-01
-2.015975097842972463e-01
1.555452447430555774e+00
1.612407640933234965e-01
1.596626496340675549e+00
-7.765765277855482540e-02
-1.347691404896188772e+00
-2.885274952533172788e-01
2.050452897880407355e-01
-1.875345340556728857e+00
-8.368285982009007196e-01
1.128486646301794183e+00
-1.554394503236995684e+00
-6.898786162991146220e-01
1.832455948747677699e-01
-2.368673134108894018e+00
5.806519219685205568e-01
-1.643565962002994651e-01
-4.896269164308248434e-01
2.360553939307812321e-01
-3.520865719835142293e-01
1.741206854509721735e-01
1.165905990656351462e-02
-1.421480574697445931e+00
-2.222427773959366082e+00
-4.401592547471916417e-01
1.033139168044742595e+00
-5.435460074690298127e-01
8.990708214276918464e-02
-1.191668249550622422e-01
4.908479556970846147e-01
-1.311343866173559691e+00
-1.047155281373167046e+00
1.315408460971918825e-01
-1.370897300949431019e-01
-9.475546962738249368e-01
1.605915289232621612e+00
1.884343072560811794e-01
1.057908538185911018e+00
1.992868294933021645e+00
-4.528919792834673608e-01
-3.150539616914422858e-01
1.530541197731528635e-01
7.094327167209517615e-01
-7.138012943638548380e-02
1.204453684272300151e+00
-6.744620881131727641e-01
1.597964624848856596e+00
-3.949293170516952056e-01
1.068605771048647179e+00
3.104372316391909692e+00
1.326717531565297925e+00
1.978155409074014548e+00
-1.705614174933334892e+00
-1.676910960283184426e+00
-3.437217662367265669e-01
-1.091052397445961164e+00
1.479199096078485542e+00
-1.180452596129311305e+00
2.263928900877433259e-01
2.199747176749513033e-01
9.835174040762978409e-01
-9.885581025821233991e-01
7.870869640618053387e-01
-7.794971915913602167e-01
1.425101148207850832e+00
6.155482524207815942e-01
4.656107298707258257e-01
-1.908413539945227888e-01
2.425587042114218939e+00
5.305399834527192438e-01
-6.536822711484954196e-01
-1.864411351057521982e+00
-2.594385668231573017e-01
1.206763642491500005e-01
-1.657954787134392705e+00
8.922300170843333600e-02
-1.656216264601571897e+00
6.473044354632706554e-01
2.156910214723359032e-01
-2.696172871240726021e+00
2.921274112187079997e-01
-2.187793479799042540e-01
-1.079547168298210513e-01
-1.205717596960671267e+00
5.145185675118626456e-01
-8.149641083944926256e-01
-5.011720484128221464e-01
-9.001267184418303147e-02
1.501171772091435486e+00
1.006224227839952690e+00
-2.110890090844071976e-01
1.602077018491211424e-01
-1.042507525287055037e+00
-1.734014565266349950e-01
9.909079105202096560e-01
-3.697406675071281731e-03
-4.997228916649106290e-01
-1.551048443517581532e+00
-2.135758635183128973e-01
8.062289074252673160e-01
8.268412116953787194e-01
-6.672043613175357990e-01
-2.121866212817156594e+00
1.165809009104988858e+00
-7.816365688293889225e-01
-6.705817675821004187e-01
-2.807048077840010314e-01
1.272580132995826396e+00
4.569687104959879037e-02
-2.807657777262052012e-01
-1.755945320037185287e+00
2.832091964320566091e-01
-3.344802726258507830e-01
-6.388807093628290357e-01
-6.042906198480949564e-01
6.201499639168515064e-03
-6.073194663961823947e-01
-5.909135650089178959e-01
-2.666988169102491590e-01
-2.380785561839723341e-01
-7.517142745566232076e-01
-1.641550808511768045e+00
1.565395468517621902e-01
1.417868561812724915e+00
-4.231348020437137869e-01
1.039227674977998506e+00
1.241266059734765559e+00
2.016488229289643483e-02
-1.520752117967080208e+00
8.096969810411933643e-01
-4.757964760623847877e-01
1.094241357184811303e+00
-3.045646511696733505e-01
-3.836421940445243206e-01
-1.754599537215212335e-01
2.242654847946762953e+00
-9.428866058724139076e-01
-9.524590444281846313e-01
-1.516860169747549891e+00
4.835111007201714495e-01
-2.474043141842976468e-01
-6.368445446694707968e-02
-6.354943828308504683e-01
6.841413267174387691e-01
9.721560881767723483e-01
-1.965355490945063899e+00
9.135758340203643524e-01
2.295886292863120459e-01
-7.053804742497288283e-01
-1.397959977482721994e-01
-3.416170970328573642e-01
1.193664462089976563e+00
8.394882588279806157e-01
-1.061014870796553738e-01
4.436676369627166050e-01
-2.719239189025965509e+00
9.749890905025916377e-01
-4.253729135324627597e-01
-1.469092433639257012e+00
3.083656182874300877e-01
7.461811738432591046e-01
1.754133097890682391e+00
-1.894877903925118678e+00
-4.358677396025550932e-01
1.363465422481634270e+00
1.505869978682244259e+00
-1.390887690527868115e-03
7.816547641931778090e-01
-1.056208656676533408e+00
-1.156105515973774533e+00
6.909198398429182708e-01
-5.526161167336692825e-01
1.715814989123102041e+00
1.530391261670557279e+00
1.025421052678312295e+00
-7.020688298379046399e-01
2.746810765436767318e-02
2.065963310891245075e-01
1.194672641840492933e+00
5.588464329475124719e-03
2.802050184320611925e-01
1.567325138083593972e-01
1.699634912927443064e+00
-8.692590387533847274e-01
-6.986006168802662009e-01
9.208824561858205415e-01
5.840670623372353765e-01
-9.232201212254296241e-01
2.119827204658424058e-01
-7.260191506191731037e-01
-1.599046246125903847e+00
7.413750179881599678e-01
2.672053597244007928e-01
-1.897612933580216765e+00
-9.875433665303510189e-01
4.343025906787725821e-01
6.470342222304465984e-01
9.797840580923405929e-01
-1.968767714613562092e-01
1.266019255589642400e-01
8.882673960743765473e-01
-9.800056004867150339e-01
3.841895263199799349e-01
-5.492057307044140302e-01
-1.676537507550811545e-01
1.874331948932010050e+00
1.011326076802681495e+00
6.588405069088892679e-04
-6.332469081261188348e-01
-3.844798770879339078e-01
-1.387601270908056517e+00
5.565836925909876109e-01
-4.011835861791560598e-01
-3.082385956362586055e-01
1.692236915780076956e+00
1.135933862054202548e+00
2.792282580194398900e+00
-6.202046873380142600e-01
5.575863184597722455e-01
5.102852548917327091e-01
-2.283814995328881381e-01
-3.289045137476601099e-01
-1.912516812665377763e+00
4.254929035274102045e-01
1.200262717979138527e+00
-5.542265633762520904e-01
7.333481990541675932e-01
-7.822178658879207214e-02
6.454683070560172098e-01
2.306868597791274511e-01
6.743715181818618065e-01
3.924553749468663866e-01
2.318053191766946408e-01
1.220126731913469875e+00
-6.116639180993042046e-01
-4.077268691830358560e-01
7.919666215513541108e-01
4.862236518477425773e-01
2.681649526296591368e+00
5.785733242781557761e-01
3.492275037122357095e-01
-1.744111638089921090e+00
1.835501779206964446e-01
7.480389706145091910e-01
3.491117061815557365e-01
8.095243426526281816e-01
-8.086602654266674683e-01
3.736348035678506152e-01
1.103556581041696544e-01
-1.424715212166083877e-01
7.677300697403436347e-01
2.349035525268131086e-01
-1.334347189536843059e-01
2.030500220309779669e-01
1.022968968731179096e-01
-7.040476764836605117e-01
7.274228854661652921e-01
5.114558180627819528e-01
-2.701839444030974535e-01
1.349640342456614350e+00
3.534421160380834537e-01
-4.929864813666865603e-02
1.889689151726112737e+00
4.545211347281378766e-01
-1.177361519340937024e+00
1.292767525070684043e+00
-5.518265563050881450e-01
8.692273031352976131e-01
3.075061129773535296e-01
-1.976421224589918618e-02
-2.244031967235159186e+00
3.823522385094400011e-01
6.274326865504853412e-01
-1.329275936327293461e+00
-1.105172751879472282e+00
2.434971543573279107e-01
3.035344764648126858e+00
1.007542153839711269e-01
-1.650086316134862202e-04
6.910915231967512673e-02
8.699032617219896180e-01
-2.528513969559830210e-01
-2.716904910796817396e-01
-1.751718206659452548e+00
-2.342514101572851448e+00
-2.415340716304160917e+00
1.104137131122568505e+00
8.555442215096069614e-01
7.644706062329286178e-01
9.002844626965107733e-02
-1.499299362033303384e-01
-5.598483877889790516e-01
-5.049211558269353084e-01
-2.578027474294478649e-01
8.689973280077737394e-01
1.021832665339339058e-01
2.033853207309240130e+00
3.833936092840321552e-01
-3.311020231418059234e-01
-2.616849807052553434e+00
5.009499004340304262e-01
-8.153351146024390150e-01
-1.556751278926921667e-01
7.113814585018894687e-02
1.419031025213893793e+00
1.715577634734869183e-01
-5.594792429160597158e-02
7.434943291403005305e-02
-1.829680884288791720e+00
-2.830909463804696657e-01
2.754847162239378311e-01
-7.400858467318019440e-02
2.032575363995494211e+00
-2.060217966941479961e-01
-7.155419149768434961e-01
-1.663844063703836806e-01
-5.465018258259735084e-01
3.698725621882647530e-01
8.329953905071791898e-01
1.089198054282983108e+00
-1.832016166989474781e+00
-4.643538730745271348e-01
-2.271429225785095707e-01
5.494638358426106040e-01
-4.954750574429516163e-01
-5.162349567860085031e-01
-7.296800638473076583e-01
-2.117386179147411410e-02
-9.387359089444591298e-01
-7.762217611456895261e-01
-5.633167396345704070e-01
-2.190472104526690611e-01
-5.412150804460182929e-01
-4.414271177384163636e-01
1.710573918477332089e+00
-1.087330185091972545e+00
-1.149796940158718028e+00
-1.573909104642040369e+00
-6.456719214998579356e-03
6.566272223526893326e-01
-3.546633637157306507e-01
-1.040223483787025671e+00
-1.548215035735732048e+00
6.534270838847796581e-01
2.213468973920428962e+00
-1.067900477069467557e+00
-2.626105788229625704e-01
-3.037390062403725888e-01
8.905377740877614690e-01
4.613042909142646142e-01
2.357983735381466717e-01
8.761016669780681276e-01
-5.972753428194959441e-03
6.391924809347215852e-01
-2.207946382868965218e-01
1.148567848505751332e+00
1.576890473425631434e-01
-1.058145794465978895e+00
-8.381294556981967458e-01
9.810158007325816554e-01
1.423273482312361393e+00
-3.961428220810171985e-01
-1.656226711617768688e+00
6.689651049616861522e-01
9.417731168735041791e-01
3.311725119808377471e-01
-1.233032680853783924e+00
-1.907545154501752993e-01
1.293107691956981720e+00
-4.996745600618721084e-01
-1.460229863351224955e+00
8.810015933108125141e-01
6.856718780875728503e-02
7.586949936913444104e-01
-3.458392526714555992e-01
3.533975280760096038e-01
-3.573301672297688608e-02
-1.155818435820822110e+00
-2.313216242636570108e+00
-4.995841147828938844e-01
3.164240165686372119e+00
5.692263238342912951e-02
-1.536837960235521772e+00
6.247150775381165033e-01
-2.960351496232695445e-01
2.920105341157467338e-01
-8.262749067328165609e-01
2.073797998843033952e+00
-5.646469346298500502e-01
-1.883205452467165308e+00
9.039635409164561985e-02
-1.083787760471257133e+00
-2.323291375689756855e+00
3.481036523876906319e+00
1.249391690441357117e+00
-6.761765599250234293e-02
-1.171534374105589027e+00
4.011664788185447250e-01
-5.285749850043884868e-01
1.124129029191514029e+00
1.029491099362360718e+00
7.583482276327755400e-01
-7.514018964993026684e-01
-1.347104979611613684e+00
-7.667309848063642574e-01
9.700527842100624687e-01
-1.402190392352774262e-01
-7.671749965770120472e-01
1.390363480878096469e+00
8.311093762105018490e-01
-4.506558122709315439e-01
-1.217937633849064949e-01
4.668429505002438806e-01
-1.078038513368888562e+00
-2.875066546399890899e-01
7.154129418907309024e-01
-4.101822076610913137e-01
-8.217211307474894810e-02
5.241880563727595310e-02
-4.944499631564125974e-01
-1.289566781286846542e+00
-2.042292441286261528e+00
1.973978991561296414e+00
-1.620931604937877690e+00
1.789662385376172837e-01
2.317917769659348648e-01
-8.207355878998014997e-01
2.183163407871156758e-01
1.588816987055510221e-01
-1.356061618360004939e-01
7.474831452244087848e-02
-2.415424912820908487e-01
-1.126668414030555621e+00
-8.272588069802166988e-01
-7.892284778642961740e-01
7.089300459166401058e-01
7.229023150852468271e-01
-7.615156311551575241e-01
6.385731454033855004e-01
1.385553785549335615e+00
-1.640172322430402563e+00
