2.240253080756612059e-01
-1.393883286644253428e+00
-1.451901821564328121e-01
8.296225090895601451e-01
2.211108490987560571e-01
7.386084823328735727e-01
1.193291103306405532e+00
1.082667713058028225e+00
3.670363261469662963e-01
-1.915761372998632805e-01
2.675367316016248886e-01
8.467112485865296856e-01
9.803973062041102526e-01
1.478614393238137481e+00
-5.382294283582951533e-02
-6.932330423166428446e-01
1.422918292643661875e+00
-1.193025360728647705e-01
1.208574375014819680e+00
-4.822042850160960792e-01
-1.539593022973803293e+00
-1.741361738982789009e-01
-9.076227733138796383e-01
5.327338327052492939e-02
-1.973275612696798520e+00
1.304210332811708728e+00
3.782498496647688779e-01
2.519218355493454631e+00
-1.887363306654698203e+00
1.651915904661286794e+00
-5.290240092425975149e-01
2.695581592100768642e-01
-2.204646303590713508e-01
-6.802323826594013079e-02
-2.087227205396229371e-02
1.634225711031551398e-01
-1.284597190463135474e+00
-1.332829815648132847e-02
1.237320802511647111e+00
5.815225272451532978e-01
7.397566424323852585e-01
1.380902531442963266e+00
9.296955362857046712e-01
-7.358610093957962395e-01
-9.372359453338975632e-02
-9.285376552607649270e-02
1.106935698456374961e+00
1.037121473376588776e+00
-2.766950767537746936e-01
-1.704183126471987553e+00
2.207817757130837166e-01
2.522721553792880989e-01
7.086370188571035345e-02
1.901711995538369004e+00
-7.571471063432165804e-01
-9.560646219959719749e-01
-4.382906082209588744e-02
-4.139747740928245157e-01
3.271897798869166651e-01
-8.871863916920961213e-01
7.706731392891515986e-01
1.691450091712992210e+00
4.080906822951072543e-01
1.616068394396602825e-01
-8.043221923525648576e-01
-8.289450490546775852e-01
-7.846202487713059837e-01
1.274722295170919451e-01
-1.158049478403709642e+00
5.839276295588364807e-01
7.984635866052677278e-01
-5.223746301646354784e-01
1.039067819616479538e+00
-1.685855421824923039e-01
1.307629247206082646e+00
9.403075215889878935e-01
-2.620705147946673086e-01
-7.417776828474885453e-02
-5.535298538463082618e-01
1.034546720800416431e+00
-8.041991418878542408e-01
1.352196922761490505e-01
-4.874923556510370459e-01
9.239574824194801694e-01
-9.759520762192432919e-01
-7.550279501757818368e-01
-4.178060136169396699e-02
-1.978854881637448715e+00
-9.828871792874754876e-01
-3.218578972544187122e-01
-2.626225546550866041e-01
-5.818837290420899588e-01
-7.750573619182147267e-01
-1.052195127196609903e+00
-9.428667579083507277e-01
7.846394119540719414e-01
4.346199674731334728e-01
-2.048922350538505133e-01
7.432230028221850082e-01
-5.900132785066922736e-01
7.682426075646615893e-02
2.649023689572342910e-01
-6.902361682662194742e-01
-6.916841886660800576e-01
-4.238452040783218799e-01
-2.080464770981557861e-03
2.563320538234091228e-01
-6.549476630038475466e-01
2.426548760442253649e-01
9.231265150019182242e-01
5.654016197031210833e-01
2.252966106160262105e-01
-1.149433765558101506e+00
1.116882575934036170e+00
-8.552999831591381330e-01
-1.242512955578727762e+00
1.286218416045655566e+00
2.443348814908700983e-01
1.320952956756101360e+00
-1.337748425371045047e-01
2.368339024576176399e+00
1.091288194940214673e+00
-9.532118655688491815e-01
2.501498592840566970e-01
-5.730039212466134790e-01
-1.271732707955567143e+00
4.304145345632693354e-01
6.265371861965454148e-01
1.246268225659184825e+00
1.792569561582649351e+00
-7.373771622015941052e-01
-3.606734621018517495e-01
-4.859559169227269382e-01
-1.801260764745809206e+00
-3.181703318211238085e-01
1.111486916648492196e+00
-8.444399774655237945e-01
7.614312798013889161e-01
-7.064442867664261216e-01
1.038706252348359005e+00
-4.550145627671076665e-01
-1.815656186542716488e-01
-1.108106886583937856e+00
-2.479879214045186409e-01
6.973604143429089630e-01
-2.453075489139560972e+00
-1.413642363457051632e-01
2.708618060868740740e-02
1.616187195166511659e+00
-9.828112239534405603e-01
4.756451407302453305e-02
-1.033974311217489284e+00
-5.040129568905086233e-01
9.327180706880269234e-01
-1.038006478895238338e+00
5.619439913615589810e-02
-1.446391890867716912e+00
4.807577667140395805e-01
6.380974211285592723e-01
1.053764636675777133e+00
3.311092195474776290e+00
-2.864874997215822172e-01
6.625943884642778725e-01
-6.323135391863420329e-01
-1.079436001801960643e+00
-9.112434366686187337e-01
9.087348611793448772e-01
5.827083717989038902e-01
2.830115535838498373e-03
-1.404493047258550176e+00
8.976049553484457544e-01
5.482399487757615431e-01
8.404052971253619386e-01
-6.022035453753328271e-01
8.793900939197301092e-01
-1.480282608540813005e-01
4.398885472099832716e-01
7.875762790324826179e-01
1.761071700698485953e+00
6.181585181767529358e-01
-8.447900895936792942e-01
1.535933026518452094e+00
9.293573553563031497e-01
-3.356510319289858768e-01
8.508565109078244371e-01
3.714006520339784290e-01
1.064769856672464821e+00
9.066721532715042720e-02
-1.937908585851542270e-02
9.172930302708683925e-01
-4.985915149017589587e-01
-1.106144320456804886e+00
-8.372802384489689276e-01
-4.684743535750956478e-01
-1.796918259569996845e+00
-1.460075875865793016e+00
2.221225318020414008e+00
-5.350168840050160135e-01
2.139098523191213241e-01
7.477530389237676545e-01
2.093625086856797379e-01
-1.629114203128797289e+00
1.445288926063093005e-01
1.188015921734493441e+00
-7.717947026755529460e-01
-8.385046248599403729e-01
2.770184744095873786e-01
6.984701986439988408e-01
1.036265917083622368e+00
4.426750475124491269e-01
1.512247265942028074e+00
-3.187822833231126474e-01
2.853367036346318719e-01
-8.773801680857901131e-01
1.105641609062233410e+00
2.141760099523490682e-02
3.493420411023042127e-01
-4.809526952377227715e-01
2.658066708745406292e-01
3.038411576443791895e-01
1.493514237295739122e-01
-2.277727339118259309e+00
-5.033282837032911905e-01
-7.498986964021056023e-01
-1.301998107135389882e+00
-1.660367994015134574e+00
-2.002416023583163174e+00
2.275280859845298931e-01
1.342535917191135963e+00
-4.613345622204587659e-01
1.735131672861528029e+00
2.892916301046103977e-01
4.865291581358830580e-02
-4.191438676408073549e-01
-2.105803323589309772e-01
1.221206169062625913e+00
-8.565339271415479683e-01
-6.137689302394749857e-01
-5.886543758552262862e-01
-1.291100034526295515e+00
-2.031071003813460507e+00
-7.762182617575001942e-01
1.595671008180570005e-01
-9.445492650226441356e-01
-3.941061064780383982e-01
-5.917880370407445634e-01
-4.664302444254744828e-01
1.057770681384521794e+00
-9.333119854071739718e-01
1.159094296989816142e+00
7.402428589142168169e-01
7.956358673739287735e-01
-8.805736194573225983e-01
2.553454280509949159e-01
-1.801219651907805253e-01
2.446944383585397675e-01
-8.247866907326782959e-01
-2.813996156766761930e-02
-9.452309083331761341e-01
1.500759395313655986e+00
4.805701167962403431e-02
-2.544895318542714224e-01
4.154915918529200614e-01
-3.313853790320524517e-01
7.482672415550585265e-01
1.074053230700655392e+00
6.812313407082416505e-01
9.547893651807860815e-02
9.628726752137406475e-01
1.512926076950422624e-02
1.268800196356106413e+00
-9.029229118757297057e-01
3.110814693000125142e-01
4.222924903422344278e-01
-6.763258294127204584e-01
-1.242348511709946424e+00
-2.238659081675839838e-02
-4.291548680337905486e-01
-5.312598130324972523e-01
-1.044284450011186527e+00
6.364575858113823426e-01
-6.178578033966266592e-01
-4.456486093803842530e-01
-5.828313259911112043e-01
1.086942959409922249e+00
-1.109690201944054433e+00
1.598615575961400470e+00
-2.340415815994317892e-03
7.515839235554009345e-01
4.350467286512822995e-01
-7.892194919845617607e-01
6.552755784464704414e-01
-1.004939653521598641e+00
1.536915554035173548e+00
-2.966640358469578853e-01
2.479632798406721683e+00
-1.265970837759066603e+00
1.616622319478717984e-01
1.985488207924104576e-01
-6.126348111242689853e-01
-9.070203428684963098e-01
5.812769518683326142e-01
-5.120127307172779307e-01
-1.165997784986440022e+00
-7.845163010628593281e-02
1.085417815149769760e+00
-4.887311475982644149e-01
-9.781153621396293518e-02
1.979803272593398666e-01
-4.962619045636307291e-01
-4.282329890467794220e-01
8.901292546878306622e-01
-7.671002390867197318e-02
1.872361215478479002e+00
-6.889310907327108602e-01
1.404449298637424903e-01
1.094655981094835306e-01
1.651610647481196903e+00
-1.243327655951877331e+00
1.993985139721929034e+00
-9.054786331704390845e-01
-2.232946915306874835e+00
-7.618941889563574099e-01
7.821240206876291234e-02
7.577862230105223418e-01
-1.780956317966485791e+00
1.064734513801063986e+00
1.375685424179484473e+00
-1.044984320908527442e+00
3.981883441224800535e-01
-3.154665401679073167e-01
4.428858191063543837e-01
1.254459594095054253e+00
-5.237357712793290210e-01
1.353923310812717107e+00
-6.896431339457750331e-01
-6.729325732457275278e-01
4.654542586863064657e-01
1.815359210844285531e+00
1.104745780163073565e+00
-1.989129607141922607e-01
6.958435392020260180e-01
5.235226780028886528e-01
8.255976085782460450e-01
4.658976679099938178e-01
7.446141706123335924e-01
-2.163530407303489722e-01
1.169799741288841233e+00
2.612950344672612113e-01
4.036889210567075059e-01
-2.226700813885362784e-01
-1.960425473756669534e+00
-1.677931632411470142e-01
4.160533782318495133e-01
5.713304820601967648e-01
6.354674307224671415e-01
1.532715255827920897e+00
-1.188577964429151423e+00
-9.442446346990089889e-01
1.591743320263653061e+00
1.742328337780414405e+00
4.156391075379585187e-01
-5.677144503218317650e-01
-8.181016169254557990e-01
-5.373547146212732661e-01
8.468244560271908083e-01
-1.459539197274674516e+00
8.536720152022239105e-01
-3.594259936267411026e-01
-1.015724173609330094e+00
-1.233448858716793994e+00
1.008246077732777080e+00
1.337081667007021697e-02
-1.573134994787800389e-01
1.599041376328558250e+00
4.944538153071843523e-01
5.030813252747378117e-01
-7.845085090182861709e-01
-6.452987844584348043e-01
1.479537603082797526e-01
2.384720507624491781e-01
-8.275742529260916580e-01
1.020472609207545789e+00
-6.097553030840292543e-01
-1.802557447840456906e+00
-5.948944612700264312e-01
-1.557779259709760611e+00
-9.995096321947703755e-02
-4.866184618820718621e-01
1.179877361901511268e+00
-1.722829095232193963e-01
5.827162190643438988e-01
7.484737035440900410e-01
-1.043241128634233572e+00
-1.512955745000041485e+00
-5.177954746660663465e-01
-2.356704175571429916e-01
1.413718107442090144e+00
2.701598761972698881e+00
9.895708796120792350e-01
-5.574087987667236677e-01
-7.906225994146408587e-01
6.900960826007088711e-01
3.969830968042985520e-01
3.853062511246077571e-01
5.623272822485837485e-01
9.058005375421583905e-01
-1.882048523929764183e+00
-1.969040394754915102e+00
2.838501052177720002e-02
1.441843705058051262e-01
-5.557992882168995286e-02
-3.242322482816576978e-01
3.150000102652807943e-01
4.133933658491716345e-01
-2.223037784089548496e-01
-5.988066269574068290e-01
2.183916707441729166e+00
-5.726185783805364249e-01
-1.165336348889719043e+00
1.549614532442535096e-03
1.290274586469892376e-02
-2.048556398368596987e-01
-4.858531563572920375e-01
-1.325216419637287313e+00
-1.200577616092479261e+00
-4.892107662053512551e-01
-8.319525500341606872e-01
-8.305745005085434229e-01
2.766874892220740900e-01
-2.946733338426177351e-01
-1.552963943419035098e-01
-5.418541010529007718e-01
4.881061742326217590e-01
1.814156112305451707e+00
-5.130733017426131193e-01
-3.816448465280908309e-02
3.009924059660102902e-01
-1.432986404196672447e+00
7.422903562710066183e-02
1.418936126649152474e+00
-7.217262835631975681e-01
7.558987843149949093e-01
5.064089477236278780e-01
-1.758067577942952431e+00
1.602406647301551690e+00
6.933326688780399039e-01
-1.334598327899524373e+00
-6.781578648372190710e-01
-4.018118312879184195e-01
1.916427283931308123e+00
-1.173295662609043832e+00
9.710089736036585650e-01
3.006975289281916819e-01
1.986458086641508025e+00
-1.175317983947568035e+00
-4.323607689498488726e-01
2.234502641937498701e+00
-1.339794813274933549e+00
-1.921017994102327986e+00
-2.425922295365406267e+00
1.205293185219466379e+00
3.541293129802176032e-01
1.355759376546251893e+00
1.691832885196270952e+00
9.077876260025883326e-01
-1.845077061392144712e-03
7.681650827919478397e-01
3.657588914023522930e-01
9.049639250554776249e-01
-5.612105497324383352e-01
-1.596662229358151830e+00
2.845305658849197616e-01
-3.762050722475039910e-01
-9.060614218711813272e-01
-1.825132912609782887e-01
-2.931077661519964073e-01
-3.385666523221708135e-01
-1.628028758757156025e+00
-9.572456797741889511e-01
-8.303387681130948161e-01
-2.802114945397001303e-02
-2.045121847598675657e+00
-3.434128370866120217e-01
8.037294427467217561e-01
-8.102828630248060104e-01
3.121067159247644662e-01
-6.272257062273677297e-01
6.926267582741434392e-01
-4.408553994218166183e-01
-6.989863323383537219e-01
-7.840944037375129350e-01
-4.799313278507754688e-01
4.498830901202289373e-02
-7.250614822974040807e-01
1.123545351746731702e-01
6.277766895855381168e-01
-3.550719774261124062e-01
7.607416541838172286e-01
-2.532809125993205068e-01
-1.233330035846976314e+00
3.455817096737605065e-01
6.114994757090939093e-01
1.955450497045634339e+00
9.938653199178196229e-02
-1.927148787288012421e+00
2.579652921812069510e-01
-2.258067777051789848e-01
1.162540939739661550e+00
-3.470288370619372120e-01
-5.269698469010835051e-01
9.485741081096484006e-02
1.252284489665633549e+00
-1.064769014935205593e+00
-6.459076325386935158e-02
-7.442668212022323093e-01
7.216281141366818197e-01
-8.343357847616272860e-01
-1.892915098486070535e+00
2.428393017775407614e+00
-1.609075743916884849e-01
-7.337122260788949690e-01
-2.072933569181194979e+00
1.636971352056310725e+00
-1.077512734046613518e+00
1.687613019712411733e+00
-1.344105822127415362e+00
3.507333383323436860e-02
1.063492281453231741e-01
1.218368704772260003e+00
1.050514913841098519e+00
-1.526091961152003851e+00
-1.942286370877905621e-01
1.698810815743458380e-01
6.957755598931123497e-01
9.933512983830392051e-02
4.731117755048098172e-01
-1.267314312717210123e-01
-1.559241683012905222e-01
-8.051849760495867203e-01
6.237227069217324976e-02
7.550012777044676771e-01
6.693808904806569648e-01
1.713574246930731793e+00
-7.596488326484918119e-01
5.944824941654763828e-01
-8.782203146865882326e-01
-1.946291010117150000e+00
1.865569566573166416e+00
-4.487811402567771224e-01
1.715231486075798228e+00
1.651861968609511511e-01
-6.762771248430368143e-01
-6.786639746583148503e-01
-1.224089433475228139e+00
2.155601463441169097e-01
-1.798614672202373033e+00
6.783379975608128110e-01
-6.019166873006536189e-01
1.086606627546968573e+00
-1.526019592878935960e+00
5.076387340348168520e-01
-2.910979889505775978e-02
3.145524811645444146e-02
2.362211765635948979e-01
7.117614067848865300e-01
-2.081875610915552011e-01
-1.069296016858106269e+00
-4.165546048893498665e-01
1.093099245331659725e-01
-5.397077175481759248e-01
-1.034651582043471851e+00
-1.758263063300796958e+00
-7.323741636570039182e-01
1.175897364630146047e+00
8.212573628948837134e-01
1.128232470442044111e+00
5.723585230430026927e-02
2.766684531024117266e-01
-6.559989344479395523e-01
6.987659385416701285e-01
-3.739414144547545948e-01
1.292538367046028869e+00
-1.479224760667021243e+00
6.632095751121696026e-01
-1.032186644627640648e+00
-6.830888028076839147e-01
3.689294674422465281e-01
-1.417080926089403503e+00
1.156167143487498938e+00
1.054261007348856971e+00
4.458116670961424499e-01
8.206457918141857322e-01
-1.643961352494612838e+00
9.680289648573434658e-01
-1.330763872278463433e-01
-5.848925141411526890e-02
8.685612886334870275e-01
8.749037917191608837e-01
6.895866697909381893e-01
-9.128860567549361704e-01
-4.737367330859944548e-01
-8.292932907289066735e-01
-1.013464303262668231e+00
7.909396671745269058e-01
-1.402759832117651984e+00
-4.608271563965107842e-01
6.036673263344351226e-02
4.613427963797844811e-01
6.638926142591380364e-01
7.177286779041025522e-01
5.453555502246175690e-01
-1.187303718889543558e-01
1.986706390096787400e-01
-2.372256073685985012e+00
1.257868176221518031e+00
5.917293219944209648e-01
3.177413353549572439e-01
6.658382902505867174e-01
7.296500457568051434e-01
-9.695508698174152284e-01
6.233867181121697382e-02
6.898017559879527916e-01
-2.209139205508906245e-01
4.749051216318296298e-01
-1.620799939018422009e+00
5.816460582096453225e-01
-9.074404572479941589e-01
-2.250953011666701753e-01
2.087405078696796534e-01
-3.497989211049618019e-01
-5.814903796819951287e-01
9.232098803266486353e-01
-4.675125778683879019e-01
-6.393915008280907225e-03
1.552402557397709160e+00
1.701637686475539146e+00
1.221121489059363352e+00
5.594894813822112040e-02
-6.505128242309724529e-01
2.415172387942639831e-01
-1.909295626514258271e-01
-1.073543935718622944e+00
-1.314659040242825538e+00
-1.274220453318399837e+00
6.280918957640240219e-01
7.145863135618155670e-01
6.952246405526729678e-01
1.283318656272358860e+00
1.428068468704220884e+00
7.255904806817922714e-02
-9.687746911682322271e-01
-1.112994972696556006e+00
-1.141077654162595323e+00
-1.120593157807154849e+00
-1.298655020881447797e+00
1.145363056496404353e+00
-2.868968710727928695e+00
2.770989034961203745e-01
-8.605203261000271553e-02
-2.768200884565326647e-01
-7.432879560263893071e-01
-8.480512638820305593e-01
1.131087650503264763e+00
8.937763045593661859e-01
-1.343503154770055108e+00
-4.156523638110782293e-01
-9.869385417792057025e-01
-1.383238994501830299e-01
6.199943027471828128e-01
-4.861099553242254623e-01
-1.841273735811215673e+00
-8.577101727813190093e-03
1.388248218392282407e+00
2.162400302178448808e-01
1.244735210413002502e+00
1.303472817101896108e+00
-6.865995222954754951e-01
-1.296293691586199448e-01
1.320896618671039802e+00
6.065935682398760909e-01
-2.893699833972043778e-01
-2.538314651667821775e-01
7.670806359436401767e-01
-1.605278729575093211e+00
2.198583684891874057e+00
1.849190197450826800e-01
-2.581168199021322440e+00
-1.371739147959411875e+00
1.507432214967513895e+00
-2.099702436474081502e+00
2.349559021565024441e-01
-7.608342171086314165e-01
-1.660000120336891483e+00
-5.299607966944315240e-01
1.561551064612472783e-01
6.549068464542048273e-01
-5.046528016249404169e-01
-1.626677471147442156e-01
-1.421831448702214340e+00
-7.383020543173323125e-01
-1.387285184714577291e+00
-1.266531056420324264e+00
9.399851519199783345e-01
-1.125782043118990217e-01
-1.597873882541248625e-01
1.465579307840746859e+00
-1.002947176584860545e+00
-1.071717595072529949e+00
-5.426941251589623150e-01
1.565493096191023836e+00
-3.298616568704639262e-01
9.339939644864011514e-01
6.673713284584720240e-01
5.782840309652491628e-01
1.825288896158012264e+00
-6.200546469210084233e-01
1.249555608399280260e+00
3.336879998017526772e-01
-4.544217025719256564e-01
7.274881672699432533e-01
1.669034455191267696e+00
-2.157013000339181197e+00
6.665319022452656506e-02
-2.119483752470347759e-01
-5.113634585867048443e-01
4.196266317242521304e-01
8.137754935438143988e-01
-8.543734398304577704e-01
9.718531648347336072e-01
5.671466331733623356e-01
4.947634216219552045e-02
-8.391376718264312862e-01
1.000892456308527967e+00
-1.850452158937767155e+00
4.070946130646479477e-01
-8.903313802379360098e-01
2.410013430299974557e-02
2.552163677169194123e-01
-2.061391044129898376e+00
3.327988210619425291e-01
1.742346209037489935e+00
4.138524560966870824e-01
1.168635341978892184e+00
8.671309388545287433e-01
6.252297125735757355e-01
-1.757108389434908879e+00
8.968119891403735222e-01
-6.040928735024465590e-01
-1.166056013781923140e+00
-4.352758740855375841e-01
-6.134531518455531574e-01
6.206538379329722410e-01
2.388313063457958130e+00
1.163155218259661394e+00
8.006382180927755776e-01
6.142515514260852294e-01
-5.318556102354082826e-01
3.529698344302335533e-01
-1.884826854995703405e-01
-8.973144780453087277e-01
2.165223247130559636e-01
8.177163279638553772e-02
-3.437202311294559887e-01
-6.091964865442234256e-01
1.118242805327980482e+00
-1.211943187307255587e-01
7.395843232894647734e-01
9.438674918396174895e-01
1.134834672627157426e-01
1.102915063909127635e+00
-2.907015016422070941e-02
1.352860080754570538e+00
-1.481390659878699223e+00
2.378351805554849374e+00
-9.512784560360963704e-02
1.445194673081620751e+00
4.973858250606634779e-01
3.138575973157397003e-01
7.046268675321153419e-01
2.689412527123656194e+00
-2.889935355923167748e-01
-5.696775633207135092e-01
-3.904214195046903368e-01
1.071178020902218281e-01
-1.118822466590078335e+00
1.740708835757498019e+00
-2.672286363658121777e-01
-2.573322484295085047e-02
-1.916602453204256928e-01
6.672671570728405666e-01
7.582378602663377709e-01
-1.923446358342381979e+00
-5.473788514061197485e-01
5.545550700781175513e-01
9.903641962206812810e-01
-1.399741202717597888e-01
-1.741461089342123625e+00
-7.723890697017151696e-01
9.374012386971437572e-01
9.135405655308236339e-01
1.428222554605537015e-02
-6.099057077171239349e-01
2.135709626495529978e-01
7.590731180671382861e-01
2.186937080153168456e+00
-1.152464208298947579e+00
-2.978122002962736714e-02
-1.533774431852896192e-01
-4.772753103485437021e-01
-6.162145073044817956e-01
2.642602573172643687e+00
4.670756767708283408e-01
1.651495450551882849e+00
-2.288371013137004972e+00
-1.302250103549704940e+00
-6.114728553989261517e-01
1.599396837010983230e+00
-1.369049714435723597e-01
4.607365378995312843e-01
1.887474771143296537e-02
5.610420517954337605e-01
-9.111367088799000591e-01
1.094864900634068716e+00
-2.351155302740638720e-01
6.550497025740840140e-01
-6.108383862987548651e-01
8.449539447954422522e-02
4.314343571953012102e-01
-1.184656069919504118e+00
-9.227037903498989113e-01
1.749818904427385968e+00
-1.588025737090935363e-01
-1.156926818475061680e-01
4.048971901823611996e-01
-9.382026335444750842e-01
-1.115000219414112870e+00
-3.300545145844095418e-01
-9.845989766421689438e-02
2.112537774822483561e-01
-1.047122471553485701e+00
-7.863492942303983158e-02
5.964114080580982247e-01
-6.531486519799821755e-01
-8.930705379612645656e-01
9.218736590775838957e-01
-3.658230443534574161e-02
1.715436133190961110e+00
-1.434808122000570951e-01
-4.359632689705467135e-01
-5.242144178837184754e-01
9.886092170798237433e-01
-1.202465608423191501e+00
-6.532118575659616455e-02
9.659451342992592116e-01
9.327466088000542221e-01
-1.677577696893171877e-01
-8.133983854854270890e-01
1.072757751756333144e+00
1.478843962927676836e+00
-9.851445155982221924e-02
-8.497524723900509169e-01
-7.908616805373136494e-01
5.601485154216291340e-01
1.680535862217758192e+00
1.257512080265796861e-01
1.495876372510273278e+00
-1.073970091139093919e+00
6.148293855050412926e-01
3.326938884990593426e-02
-1.847370081542978326e+00
-7.072315173043099978e-01
-1.006241777729010023e+00
2.464979430522957482e-01
-4.357770654106245534e-01
-1.043464833658215074e+00
8.170584247903126540e-01
-4.515547482858790485e-01
1.880939925376479138e+00
1.073110574898783920e+00
-7.506982894776510484e-01
-8.839594325844810641e-01
-5.468479544994894054e-02
1.617527374709754606e-01
-9.680753646338674523e-01
2.163822655892489455e-01
6.657832167746877694e-01
-2.106837302859926875e-01
-5.744153451782305631e-01
1.525857905469151010e+00
1.188959617031533300e+00
-1.113894295972942983e+00
-3.576096912458542332e-01
-1.140832070089207395e+00
-1.267059455876549390e-01
6.640900800267578452e-01
8.562972514722368977e-01
-1.477023081881763789e+00
8.635221884096671019e-01
-3.682694077489324647e-01
-5.602856098654789285e-01
-8.673043089375187531e-02
7.883398397485268383e-01
-8.461349993814315518e-01
3.609806645911002310e-01
-1.015523238585307686e+00
2.829261895343578859e-01
-1.985700022696594569e-02
-1.668030591857362910e-01
6.220039302958816352e-01
-5.871563696543200539e-01
8.606836290386671307e-01
-6.338321006866838303e-01
-1.228730467089703682e+00
4.250848565865544826e-01
3.696972854191841185e-01
3.020146483478309829e-01
8.412976324858778554e-01
-1.311622933733764373e+00
-4.648475680789595499e-01
-4.620256799819925098e-01
-1.395869440729738065e+00
1.180068515795901662e+00
-7.041573787357646719e-01
6.591773320768080924e-02
-9.189440558288950456e-01
-8.458383036408715361e-01
-6.648767811217917156e-01
-1.495363674773166007e+00
1.101223743867780352e-01
4.407078064562088837e-01
6.563327802115536125e-01
8.463554284137380090e-01
3.180078595693168197e-01
1.181341806555295415e+00
-1.130911401959856732e+00
-5.585826264401325680e-01
2.952587925165056082e-01
2.844382571924902181e-01
6.373783406782967953e-01
1.499821492783516064e+00
7.443530441168028089e-01
-2.063601539614825953e+00
1.627689218674330141e+00
-5.659021156935332142e-01
1.297827810399680704e-01
-5.110672640191987748e-01
1.701436446089538701e-01
-4.490824598480236407e-01
3.551132937965820191e-01
-3.496903800834168519e-01
-2.067912793591638376e+00
-1.136446150717463910e+00
-6.294965265240235475e-01
1.363672123962717642e+00
1.352544114959046251e+00
1.198093347962526645e+00
8.791987476689299141e-01
-1.153258272585522048e+00
-6.638182539958188411e-01
7.113417212413904178e-02
-2.734558160392067450e+00
-9.577615993493781010e-01
-1.328130201977011593e+00
-2.439661799696876132e-01
-3.682339130449627240e-01
-5.569466140741506921e-01
-2.117311686068752863e+00
-1.342411892944272156e-01
1.153910706792951935e+00
2.167143523882311129e+00
3.308940533862138600e-01
-3.468012212507784464e-01
3.724427940879207477e-01
-4.220281047227932292e-01
3.018697711928172711e-01
-1.234536393394291220e+00
-1.568805407348675018e+00
1.205414838859202531e+00
-1.198418926744384133e-01
3.352131020708175035e-01
-1.633417443406742997e+00
-1.047047935100327010e+00
-1.174618340201459832e+00
1.614068879208780116e-01
2.342336560908671317e-01
-2.506678996779425184e+00
-2.259779684655265797e+00
-1.239229896980720280e+00
2.169264405837459719e+00
5.884874050189615735e-01
2.283634983825807430e-01
1.546738314161351324e+00
1.620341704459256349e-01
1.301151272398934633e-01
1.660807384685381249e+00
-9.720206848958565793e-01
-1.935692998352649130e-01
-3.705582691349487146e-01
1.892509016550216527e+00
