3.143037532691910219e-01
-6.115475867632880203e-02
-8.405995434478293893e-01
-1.415070505143666835e-01
-1.035013850536307345e+00
-7.030379397670563080e-01
-7.679591287392570909e-01
8.043740088824246071e-01
-1.117675892397634652e+00
2.860906735457950933e+00
-1.356692608989636673e-01
1.845906653590708490e+00
2.738318620040864487e-02
3.376317437823704304e-01
-3.229611325899646168e-01
8.781737295524641995e-01
9.853769173124843350e-01
-1.254421187182469977e+00
1.424207741835365804e+00
-3.937662245031605668e-01
-2.059412182959638571e+00
1.259589971138062037e+00
1.237640653347487962e+00
1.093882067693138643e-01
2.527939258594217087e+00
1.075071042919644448e-01
-1.380987102193060867e-01
5.805980500053823379e-01
6.441428495932010057e-01
1.640112740654613155e-01
2.939066969317344347e-01
1.757203455066984166e+00
7.462302790870226632e-01
5.054773956745423069e-01
1.717483274864427534e+00
8.074316426157132076e-01
8.853761958125080933e-02
-1.266456485679259281e+00
-4.176141009839411944e-01
2.540309026698222561e-01
-1.146276206479701187e+00
4.897330705814357810e-01
-8.861762004416983141e-01
3.045747767164956432e+00
-6.333558219987838259e-03
-1.072768353669670605e+00
6.216149434684017372e-01
7.902984076028447546e-01
-1.247357822165462427e+00
-1.128930242000879103e+00
5.801365797032649319e-01
-1.039246356582838482e+00
-5.065921237505736086e-01
1.687026998408609757e-01
9.149201112674787417e-01
-6.291783109378994432e-01
-9.855358126704917288e-01
4.342190378465993206e-01
-7.551082113962452602e-02
2.732956271928674297e-02
2.101129759885960624e+00
3.666904098696026071e-01
-5.476190814664135820e-01
-6.784350642086866001e-01
1.642997356313490087e+00
6.169510092889517461e-01
1.628843425419650881e+00
-1.139803724796348394e+00
-1.065039775016573126e-01
-1.086205761689460272e-02
4.438747446940774499e-01
-2.349845772863845550e+00
-1.211082443473723957e+00
-1.419274301405402672e-01
-9.953047299490539457e-01
1.874250990007727102e+00
1.962001922938461318e+00
-2.279457550865549020e-01
-8.833886740436649454e-01
1.529013182387231495e+00
1.086585839631286493e-01
2.649737861349037438e+00
-3.988935726608131005e-01
-4.589107786071197626e-01
-8.480885574826148021e-01
-2.821702474615932044e+00
2.014508956003449480e+00
-2.060301791568712459e-01
1.495987093229503628e+00
1.548661218677345408e+00
-9.369836902098055420e-01
6.767412276446652664e-01
7.892744383330345670e-01
-1.421121854169663079e+00
7.531215163767580600e-01
7.944833338557730773e-01
1.057649084933850875e-01
2.232010143715156270e-01
8.021296240897008989e-01
7.884376725012469667e-01
2.345290559722963963e-01
-1.133332399296125947e+00
8.219818172298737347e-01
-2.048394638822524372e-01
1.352335565619092073e+00
-6.430814824754257919e-02
5.868924867340320484e-01
-1.112682722015592152e+00
-6.504356957680653695e-01
1.110696536755739761e+00
2.975060313200245665e-01
-1.156593679347554804e-01
5.320837811098115544e-02
2.225413506942245517e-02
3.781595220126719448e-01
-2.772465478085022195e-01
-1.031206127345991042e-01
-6.306485327040447508e-01
6.265989719276360281e-01
-1.800110011789165243e-01
-4.689086170149152355e-02
-1.000323368111705191e+00
1.192119774151094713e+00
1.382069003083234549e+00
-1.865635890089162308e-01
-2.010175642678185826e-01
-2.172281377786198231e-01
9.312714425859421885e-01
-2.934215701228196083e-01
-1.256618946271898851e+00
6.925763153089217194e-01
5.887775765971164921e-01
-1.237753688487120529e+00
-7.515186848684864973e-01
-2.210828569158255208e-01
-4.797283808523070681e-01
-2.221990387279592916e-01
-1.243554415344003544e-01
-1.626343883076748487e+00
1.091760253418411430e+00
6.963399700579907536e-01
-1.099394698568057077e-01
-5.655462941146974787e-01
-5.294211920088385259e-01
3.981716480688552995e-01
-4.952672978514179869e-01
5.091249593007526331e-01
1.402215263115421107e-01
-7.827299588365765892e-02
-2.548900672844103821e-01
1.215661843674009424e+00
1.162053438773366226e-01
-1.040284646697021143e-01
-1.333998762505285429e-01
-3.297962713944763702e-01
-1.082930888488661259e+00
3.819096013579433846e-01
-9.798750053067515342e-01
5.322156074121985325e-01
1.616445913093186748e+00
-4.347087387468788200e-01
4.193818457996524307e-01
-5.407844000888961666e-01
-1.371360743566683915e+00
1.019003040774325797e+00
-1.591794797183391452e+00
-1.453346238308377503e+00
1.303225659270249581e+00
-2.648360125656333275e-01
8.556334084408461216e-01
-9.824997922142777451e-01
-5.085972496094256501e-01
9.860116450588888304e-01
-1.507143068813751707e+00
1.224201022620384771e+00
1.747255754615810508e+00
8.340964694421322545e-02
1.258699229752962223e+00
1.504445294656037602e+00
-8.679950475393458653e-01
-6.694259453833087958e-01
-3.506463781009644953e-01
-6.381699057989821400e-01
-9.877759462971105742e-02
1.200476098207389902e-01
2.162541764655930177e+00
1.732380999139870870e-01
-9.449523782066207023e-01
-5.708528475175322914e-01
1.042528024470287473e+00
7.028855637615015750e-01
1.383423807478105227e-01
-1.411381142825746338e+00
-9.786749961872280856e-01
7.804549106294551564e-01
2.190244435835575487e-01
1.338138369563907526e+00
6.236197894558959121e-01
1.229262265044273716e+00
-1.376027167609289670e+00
-1.619089844302071146e+00
-2.039729348951882404e+00
1.634008281987270772e+00
4.006979003374263465e-02
-1.620847265373760004e+00
-9.710455923140279832e-01
2.055230001012029947e-02
1.633412999404888710e+00
2.897694071831629498e-02
6.008421484499778531e-01
1.906133454659713067e-01
2.803790002894303648e-02
-7.140564835042692016e-01
-1.038875930104047329e+00
-9.555355665176827884e-01
-7.160728849987435529e-01
9.045865560202253075e-01
-1.694408328822422927e-01
6.321587700940418664e-01
-7.096581487016485612e-01
1.015160260277084170e+00
4.095158412644855361e-01
7.517107049221481985e-01
-9.241883144554891016e-02
2.809443585809892063e-01
-6.099900981549689627e-01
1.031891037827980417e+00
1.096744600625471522e+00
-3.722415065015277635e-01
9.721331785571988293e-01
2.236219424888321039e-01
-1.077151024904193788e+00
3.831016559805206639e-02
1.732779547268572973e+00
1.798573828603786673e-01
6.878472894381841840e-01
-7.591374200414894302e-01
-3.275085078239550751e-01
-2.514580188129250660e-01
9.158939044924613304e-01
-8.755694897374187713e-01
-3.623438065926546381e-01
5.125297679592135530e-02
3.754294809952310463e-02
3.451357627387192095e-01
8.552578187103984098e-01
-3.013942555121882916e-01
-1.594695867131116218e+00
9.615797436199717829e-01
1.579724411293733866e+00
1.025232577843328219e+00
5.379592368758628895e-01
3.183603065875566518e-01
-1.088171807008899705e+00
-6.293138512590533695e-01
-2.533901303479008799e-02
7.005707613627207841e-01
4.793025561311586302e-01
7.945229410852354679e-01
1.462392110343649243e+00
2.499200127129980409e+00
5.622399165128098009e-01
3.217971882358113267e-01
-1.378680196781929324e+00
-8.447206357703112012e-01
9.907121485626890767e-01
-3.576710843675606766e-01
3.860812900153370864e-01
-5.097062806129042389e-01
-8.561792419433629231e-01
3.926343638959747251e-01
-1.558322223221305647e+00
-7.193682551002429648e-02
2.856299416056322094e-01
1.965961328629842741e-01
7.055810485119854425e-01
-2.897910365763936014e-01
-1.491172711355097880e+00
-5.846575506082715007e-02
1.041807733680173653e+00
-3.466304554425640450e-01
-4.141175737866686912e-01
1.659509252865327023e+00
4.010322545827516710e-02
4.911859585292723263e-01
2.958847679036306300e+00
-1.216218939538326049e+00
-3.637611726100710707e-01
5.821858559834107716e-01
-2.780648879533959700e-03
8.377149836585053855e-01
3.786963567810015547e-03
1.758225447667675745e+00
1.284264144880260305e+00
7.451328099452962928e-01
5.114573434792122342e-01
-3.989084006405165250e-01
6.884645069072393708e-01
9.416872110125862338e-01
7.013000330039463881e-01
-7.253447737566753872e-01
5.203048030642082322e-01
7.469503682158828983e-02
3.560886541351477863e-01
5.834851169928804149e-01
-9.857561513315852286e-01
-1.359895161348290360e+00
1.424854620108712666e+00
7.036557866858995924e-02
-3.334380938949911277e-01
3.589742673584757071e-01
4.379066678136435409e-02
-9.087508283830482425e-02
4.175843833315431297e-01
4.185538268551465269e-01
2.729050772180189113e-02
1.712202103878918802e+00
1.758089500921877102e+00
1.490832676732474660e+00
-3.809018375520826782e-01
5.737592259760073699e-01
2.857662255422512287e-01
1.090512485626260603e-01
-1.407218312834884300e+00
-6.542142531897541247e-01
2.259760100338862876e-01
8.464475060697627118e-01
1.523214756550416826e+00
1.205878344720127254e-01
-6.475340793389625649e-01
-8.079973668678337440e-01
1.581685668500494968e+00
-1.212922108920406083e+00
-2.033857127662037634e-01
2.981617891964191691e-01
2.168468719462315786e+00
2.272327987218379253e+00
-2.153920616487144279e+00
1.510886054839335468e+00
-7.993275611699084404e-01
-1.264784110857954114e-01
1.119654096536986776e+00
2.421496800324797860e+00
-7.604184485798538562e-01
9.724501617569576428e-01
3.245082001242043934e-01
1.476259182163081052e+00
-5.164387396557817284e-02
3.497455043159326538e-01
2.007119513536557598e+00
1.483575182073729071e+00
-7.682253146560225066e-01
-2.657698347570791042e-01
3.217638999153275559e-01
-1.016803566564268735e+00
-2.946413916682954492e-01
1.230162438937138614e+00
3.242438162802045443e-01
1.238908446524339624e+00
3.543660453589084769e-01
5.882676755584068662e-01
-4.625606687216221036e-01
-2.843881081876558969e+00
-1.017764894515735402e-01
4.254407124338226431e-01
1.222049441099591682e+00
1.574726974500030297e+00
1.135168885299735253e+00
-9.303027290570876906e-02
-5.483678440462320669e-01
4.274945350082136608e-01
7.035795774899240573e-01
-8.053437927411805086e-01
-1.299315631007744276e+00
-8.226716221832834908e-01
1.409452082630732628e+00
-1.834487517600374984e+00
-8.198068749833377356e-02
2.395783854485913633e-01
1.102615020164907422e+00
-9.430801851855482587e-01
-1.547951104788269472e+00
-4.613902060196645172e-01
1.817465903534963623e+00
-1.470717045885285845e+00
6.460168841452195165e-01
1.319743784389147967e-01
2.526653312163263942e-01
-3.659829267830287391e-01
1.550887208659288419e+00
-9.379628557981115611e-01
1.034775857516975428e+00
6.869989947313315248e-01
5.971765363207478527e-01
5.580270130830686931e-02
8.350630190615068171e-01
-9.368793894033126124e-01
3.457586029557421226e-01
-8.026559319014457961e-01
2.291414431212402292e+00
8.115724885671886379e-02
-8.110849402177182643e-01
-6.817896400550101932e-01
6.849304678731725840e-03
-9.660325564894335360e-01
9.259737709137996209e-01
-3.273132582704435523e-01
7.935660685928077607e-01
-3.556320863417368749e-01
1.477370465125785071e+00
3.227134316255133584e-01
2.421917268150798053e-01
5.325629680206279692e-01
2.056804001486631506e-01
-3.142057672393837042e-01
-1.159073004693408793e+00
9.838999351001351812e-01
1.789855782157298902e+00
-1.324609433125515601e+00
-2.059868410048943943e+00
-1.380999197631234132e+00
-5.674588290765412157e-01
-7.322311397760880580e-02
-7.846750248252258864e-01
6.705265195689852353e-01
1.108348112294601062e+00
-2.300136194158416636e+00
1.047736569606265711e+00
1.912369179496421212e-01
4.937390575509303936e-01
1.106566173304114553e+00
3.499216164385716143e-01
-2.559794063452113799e-01
-4.772875697327422784e-01
8.560549218046902276e-01
-1.840793643537230295e+00
3.642754961347228204e-01
-5.979416322179122861e-02
1.242839461033734105e+00
5.364594861771435075e-02
1.381396739236715243e+00
1.157029497264847162e+00
1.268289970097936870e+00
-1.496847471750648140e+00
-8.510360864852974938e-01
7.195849436243836328e-01
1.529230285628675023e+00
2.334281250476455682e-01
-6.287858401734393032e-01
5.102558957233046394e-02
7.864786865987163367e-01
8.369243357550001372e-01
1.614462757911707014e+00
1.632797700864275114e+00
-9.372719477335179628e-01
-1.662270428156815250e+00
7.141286625200670146e-01
8.616810494270206455e-02
1.394635616634020969e-01
3.722381720705165153e-01
-7.408005745446272217e-01
-1.443386039973485024e+00
5.267065589312762697e-01
1.658385292087355634e+00
8.058763876194675602e-01
-8.653990401175760683e-01
2.367974649035472501e-01
5.607199590531409816e-01
8.631458513091648799e-01
7.565786784817991883e-02
2.412006784164931195e-01
-1.057146514120313463e-01
2.260155553005870566e+00
-7.027658836908249329e-01
-8.533169879962099191e-01
3.141552048851025125e-01
1.822281704058326124e-01
-9.191801339138384597e-01
-4.274553574550376545e-01
-1.738588696035753500e+00
-1.576243801896016761e-01
-4.263846677329420909e-01
-2.108967208985686348e+00
-6.326212149753679403e-01
-1.449825416697446245e+00
1.084542315243582244e+00
-3.243641630713701707e-01
4.399092667444682442e-02
1.016408149166509345e+00
-1.304931251551961546e+00
1.557111571281641682e+00
-8.925921270006498265e-01
-6.389542953202114184e-01
-8.226144673379728323e-01
1.113697037150084057e+00
-5.327592970709159326e-02
-1.658741060223479780e+00
-9.435393662876603305e-01
-8.703645375877636647e-01
-6.642372375611638180e-01
-3.932385662271397075e-01
5.008955006541829236e-02
1.098306931433467026e+00
-3.508286973663793384e-01
-7.659656109880729202e-01
-3.665363650790267602e-01
-1.245157392319202888e-01
-6.444327998819563419e-01
1.320771470317191998e+00
1.806731515564342361e-01
6.048756842759110963e-01
-9.528068815489778576e-01
-1.258660639224946642e-01
3.225375345836549168e-01
-2.109694245291211079e+00
-5.979420873252659918e-01
1.208084552357264974e+00
-3.013277189727424088e-01
2.465201841022438833e-01
4.366281483180760592e-01
3.464835744675143214e-01
-3.968242305429818262e-01
-7.432314474386924052e-01
2.069569474282148214e+00
-4.041464056476210542e-01
-6.683460855903262665e-01
-4.002800232598729413e-01
5.601140071801698900e-02
2.832883179104184190e-01
-1.369395717680279845e-01
5.049550662757809061e-01
4.705922010849906134e-01
4.555162632055579364e-01
-8.813825653490562351e-01
1.726897146893033863e-01
1.081347660463896965e+00
1.880005626461514812e+00
-8.003071096185507827e-01
-1.481779448234048058e+00
-1.018938705861415772e-01
-7.477155291737574982e-01
9.714451394611822721e-01
-6.099936565871294514e-01
6.399519258143505918e-02
6.619031475006652288e-02
4.640774964698515248e-01
-7.090667225740145962e-01
-1.867678869334226777e+00
6.421400225152994190e-02
1.604365537813731590e+00
7.032991651158826407e-01
1.686606027979910216e+00
6.399734022466069261e-01
-4.400107194518273479e-01
-2.363155856788395626e-01
1.700189934662555524e+00
-5.130658744120017989e-01
7.348949629994366850e-02
1.981654602103454899e+00
1.488140436076514028e+00
-2.565976225877402150e-01
-5.326947877457066660e-01
-4.261374834584157889e-01
1.410108738679075380e+00
-5.144715892429737591e-01
9.933774454213813165e-02
-5.323816169893890171e-01
1.709374886702543339e+00
4.811438932156117398e-01
7.542986873738291020e-01
7.512360919850048502e-01
-4.255616910982124024e-01
-3.507853171616894805e-01
1.685645561076754284e-01
-9.170249322332525432e-01
6.143375987541894734e-01
-7.330659986022880492e-01
4.070786290101306021e-02
4.231105606426595056e-01
1.913306611425232284e-01
-1.484022136660997138e+00
-1.481734862361566984e-01
2.907376746970692927e-01
9.088120909450828622e-01
-2.433689499909048037e-01
1.988107961957653158e+00
-6.607500036439974966e-01
1.644043366805035267e-01
1.383129087182439099e+00
-1.011046910016522471e+00
-8.157987010588291232e-01
2.990705778050292141e-01
-7.940736807474925441e-02
7.515034208588438069e-01
-1.116163630793503558e-01
2.038358126614055466e-01
-3.182393803552743261e-01
1.281904985708108624e+00
-8.451720001020526229e-01
9.365627229317747826e-01
5.065314673467414819e-01
1.701160711052581487e+00
2.454088581836082750e-01
-1.411715697085183852e+00
8.438542522745611230e-01
8.019786680521597821e-01
8.263201810323675955e-01
1.276214233778233120e-01
7.272626007028154538e-01
-1.500608306110045254e+00
-2.621493145395509816e-01
-2.266912825086853933e-01
3.435869147579113658e-01
-5.712044532806871862e-03
6.183774430447057657e-01
-1.687963209560777278e+00
2.153423129344405496e+00
8.163955819683376136e-01
1.068530641853824958e+00
7.986351238314622902e-01
-8.828343845787454125e-01
-1.643398942373617055e+00
1.519698208426942143e+00
-8.801392017934537293e-01
2.168952890004235412e-01
4.485397239781411249e-01
5.323249143967780928e-01
-8.546085486855796720e-01
6.375705226890517885e-01
-6.961446313433050648e-02
2.179006469874197549e+00
-6.507022843622723984e-01
-1.893878658082419841e+00
2.399705846701882805e-01
1.296446211039961494e+00
-9.390248752192841275e-01
-7.717631629326805465e-01
2.065634017536032430e-01
-1.601238983027447604e+00
1.548119745994739338e+00
-4.106276924793218486e-01
-3.988997292036172704e-01
1.601968042061092667e-01
7.961399413329163233e-01
-5.495630232465545939e-01
-9.394503618950476032e-01
-1.831833056141863036e-01
2.186743006119517274e-01
7.449016687779436152e-02
-6.592336522435481294e-01
6.607346530111827265e-01
-1.598613268518026542e+00
-3.826106120288129686e-01
-5.247604084833310534e-01
4.878942454601464251e-01
1.019137965488864372e+00
-4.046904525033718780e-01
1.026284617766950014e+00
-1.231225062358403788e+00
-1.249342938807458170e+00
5.172433528923242596e-01
-1.109654690169872060e+00
-2.741128789462541140e-02
5.939491873109721265e-01
1.788759579089925222e-01
-2.927745292813513922e-01
-4.219955008978327204e-01
4.529112481412008173e-01
-1.416225004671496812e+00
-8.591118153440248373e-02
-1.698586340902999536e+00
5.785939518767565515e-01
4.043642184327138067e-01
-1.161283353786846939e-01
8.898393670244275633e-01
7.313449200052173256e-03
-1.501173410995163771e+00
1.018682484324061832e+00
-1.205656305052949628e+00
-8.283651959181098645e-01
7.343044040472058720e-01
-1.408080796091449871e+00
1.390431098632596840e-01
-2.722996528431820829e-01
7.324503046018722430e-02
-1.554581002436500770e+00
-3.965618105115953917e-01
-2.343278148543736172e+00
8.364822943352014928e-01
-2.554282679817349577e-01
-5.836794478433722233e-01
-5.322722041360481438e-01
8.353769944832294403e-01
-7.340890844183366459e-01
3.866242472939173336e+00
2.108430231208521521e-01
8.647406137918061120e-01
6.062037474137399462e-01
1.176283985321834979e+00
-2.280067798668471202e+00
1.404254043540251184e-01
-8.503956775229579712e-01
6.013612346196846037e-01
-3.348089178618464112e-01
-9.891356830751126816e-01
-9.417300046190615337e-01
1.375741039434903668e+00
-4.205845901606853898e-01
7.242835636495209561e-01
-4.503799535856153335e-01
-1.205560394886505682e+00
-1.347264994740021926e+00
-6.330532456799732310e-01
-4.742627266939505870e-01
1.181432455137920723e+00
-2.780372680690045839e-01
-3.567949893453573051e-02
-5.214078532227149898e-01
-6.677902486549969208e-01
1.353319650520593831e-01
3.441640083895967581e-03
-1.497891187307002436e+00
-6.371959452637820931e-01
6.669175224708999705e-01
-1.828118115175302982e+00
-6.012502614277885904e-01
1.592442200570139965e+00
5.408031071204630891e-01
8.775155189709812897e-02
7.326993595572823814e-01
6.198633260067003548e-01
1.165007856899487049e+00
3.805040485560154395e-01
-4.264739572338820395e-01
2.000499918113169961e-01
2.500717989116412743e-01
9.094521500005154913e-01
6.981482432389453027e-03
-1.274245324456572126e+00
8.751803150038557355e-01
1.053544603889369907e-01
-2.876367613578773574e-01
1.678531077733024901e+00
-3.346752090805200086e-01
2.202235855138723331e+00
-6.409159799927459655e-01
1.243314747366840445e+00
-2.168646671377521429e+00
8.516333390384097646e-01
-2.069667605067771365e+00
7.433310746901653498e-01
4.697823885927082666e-02
-1.315751286870713077e+00
1.622871308784668565e-01
-1.773465364754581941e+00
8.374326390732516057e-01
-1.388920039926234695e+00
1.778273444918373469e+00
-1.246811162721134680e+00
3.555483434592741077e-01
5.660707582109962832e-01
-6.851759265414194555e-01
5.639747177846660131e-01
1.492555699981286566e+00
2.331793656592859587e-01
2.213326797689604553e-01
7.740723035167965671e-01
-3.116847379876173663e-01
-1.397315067475144446e+00
3.131273921115841352e-01
8.030131727063309910e-01
-4.754258642557347009e-02
-1.211275662827098615e-01
-1.726516537639071425e+00
1.663583958014220654e+00
-4.385753908280542457e-01
1.369209501547459906e+00
1.362738017526124334e+00
1.004557357895755065e-01
-3.020375008998998911e-01
-1.202058798243283988e+00
1.981026794777797084e-01
9.663966740012807088e-01
6.941765797490198064e-01
9.427979021216949251e-02
1.016530685822358393e+00
8.806420736149515038e-01
-2.828461248024549124e-01
1.164738964190499715e+00
-8.688703696068230675e-01
-1.021186039101604104e+00
8.958805799433245953e-01
3.255811382731487735e-01
-4.139829950904535538e-01
-1.393715372638197225e+00
-6.121784756404409222e-01
4.379651496145178791e-01
1.923017235128333946e-01
-9.408718388258299203e-01
-9.120072879596681226e-01
8.786006952838831818e-01
9.159706226718297151e-01
3.282817175122704212e-02
7.162173959297617465e-01
-1.341350461616420242e+00
-1.852109904990772993e-01
-1.862763380768511112e+00
1.854238346675219473e+00
2.409559513153684218e+00
-1.120024638702227682e+00
1.145019245443448686e+00
4.714589115582145107e-01
-2.759485625363891637e-01
1.961762348221440799e+00
1.686860806839854288e+00
-6.338502505514852503e-01
-6.251419588996186549e-01
-7.662550287153473416e-01
-5.806467840964656402e-01
4.118644309942638415e-01
2.556466337119494558e-01
1.296816261940266501e-01
1.131976618361181242e+00
5.604858697415050772e-02
1.558285992199341663e-01
-5.069891357642669627e-02
2.636600788883516899e-02
6.090842879634086326e-01
-5.587410600402121785e-01
-1.135798254304033472e+00
-3.906549581524760839e-01
-1.106928826284225981e-01
-2.820386046267228108e-01
2.649339665056519855e-01
-1.103477172626842417e+00
5.216711031509072560e-01
-4.592657184981620011e-01
1.290448883114540646e+00
-4.880581631507390772e-01
1.432230749268986747e+00
-2.574808105477346953e-02
1.600878489868632570e+00
3.498483618795908967e-01
1.523311595717775857e+00
-3.516553368189399009e-01
-8.395018060974572816e-01
-9.864104047448494228e-01
1.191072968027728107e+00
9.550441667445572214e-02
-2.551277906685989749e-01
-9.282674559530850189e-01
2.505051561706148067e-01
-4.045516398281060466e-01
-7.723834259475413633e-02
-1.720466851401811326e+00
-7.268731834550018478e-01
-7.008012911535376199e-01
5.983265067166947393e-01
-2.959292107843523034e+00
-1.541643678496314451e-01
-1.542519034283073687e+00
1.819004615437638916e+00
2.795638954619210081e-01
5.410272238293221125e-01
2.131972197486038580e-03
-1.423099938663279218e+00
8.493673322485386645e-01
-1.511187890480472085e+00
1.332904601884662199e+00
1.313322407572991291e-01
2.258708167589766613e-01
-2.102997629258910872e-01
-2.628251251689530110e-01
2.833235936785682418e-01
-2.045264425596722280e-01
2.995764542747216819e-01
-5.986944424582278934e-01
-1.107256126258666651e+00
-9.742042343783976488e-01
-1.245624921774052263e-01
1.270387632568161507e-01
-7.051319063871214210e-01
-2.842011195808086255e-01
-1.804188745256653625e+00
1.022742380132196205e+00
-1.371462818471916645e+00
1.214474701995151396e+00
-1.752341654990955400e-01
-5.548211163403913293e-01
4.099499647413028525e-01
-9.656034566898593630e-01
1.414229120329833167e+00
-8.733391358996750453e-01
-1.764159226237226041e-01
1.131598041664321430e+00
1.451654007719848316e+00
-1.059016353084039963e+00
-2.032112645777101267e+00
-3.263242490963131348e-01
2.242808428980482272e-01
-2.569079859317946468e-01
1.424698434663864040e-02
1.164446857815331082e+00
5.930009869511752851e-02
1.152573062722525021e+00
3.246878825215665509e-01
-1.176936084983563502e+00
1.498615134291215456e-01
1.900773898547285512e-01
-2.377722961264862045e-01
1.327935305395043564e+00
-5.771836086624034801e-01
6.562344794391476999e-01
1.216780089817183663e+00
1.728792426357153467e+00
2.211199546630497004e+00
7.014671414914659398e-01
4.100847668315849015e-01
-1.069831943674819097e-01
-3.323056515393091881e-01
2.857355490458695080e-01
-3.162787073629438200e-02
4.193145400021933700e-01
-1.495705151479069239e-01
-4.502082333051633523e-01
1.597127666158118631e+00
7.267738444315168245e-01
-8.229389381848937202e-01
4.276116137678806495e-01
7.622740306366758423e-02
1.130003937972356987e+00
1.573191735411719749e+00
9.819810529862244008e-02
-3.292176612874541108e-01
1.520694874892570381e+00
2.438543815886708988e+00
-4.092939950631477308e-01
7.751721182353343842e-01
-6.772525139172519415e-02
-1.155568266778248754e+00
-1.572908233662295263e+00
-6.623582222088644222e-01
-4.896349095357115377e-01
-5.486048347560628091e-01
-6.368432023531536146e-01
-2.613185022365308585e-01
-2.177413632019174372e+00
9.311738902175682453e-01
-2.749905977715354943e+00
-9.421235277732699087e-01
9.694610786087490828e-01
-1.066205119431347992e+00
-1.454806752587258556e+00
5.749159209906564566e-02
-1.461361359847907826e+00
-7.949623401158978364e-02
1.164742287649258801e+00
-9.004501397446960098e-01
1.259748911485037759e+00
-4.985326811094297761e-01
-2.247008772269720178e-01
-4.282059501245422117e-01
-1.039523863465255493e+00
-1.353586003920786984e-01
-5.092835456613893363e-01
1.031161633161737923e+00
8.377882255483023455e-01
4.531429968638300276e-01
3.029504709767059656e-01
1.108476270317676204e-01
8.686257529101071295e-01
1.200929960066826757e-01
-4.967407123736448243e-02
-7.282068117020179532e-01
2.455766882374463833e-01
-7.170333543042518576e-01
4.243322437917066980e-01
2.461203056219033680e+00
-9.895547679575914524e-01
5.226930645382759089e-01
-2.554513445271032968e+00
1.163752570535182107e+00
1.870957916842290458e-02
-1.974647233344372976e+00
3.174895391779985337e-02
-1.522653166622160714e-01
3.003785112290442982e-01
-9.767878524528837980e-01
-6.720941240759974455e-01
2.273407689784400887e+00
1.217284952473695059e+00
-6.169701214195882910e-01
-7.763280170297254257e-01
7.651803273481521117e-01
3.923140322464589436e-01
-6.425826329444701557e-01
-1.032725076428411048e+00
6.682436168405323507e-01
1.644923099703593738e+00
7.516642378461774188e-02
