1.822002504215838523e-02
-4.146850017394360655e-01
6.558818007034193931e-01
6.586670903399708399e-01
-1.206002959329597751e-01
-6.318198133445954712e-01
-1.799730674114998319e+00
1.459760581502231425e+00
9.549164280499967683e-01
-3.137834290678487847e-01
1.765360413067292855e-01
-1.043481983982037731e+00
1.787882985556995263e-01
-4.113626202099202045e-02
-1.491415518524007666e+00
-6.338428728254451583e-01
-9.888671201835831370e-01
-2.248417686274529759e-01
1.338790787385214065e+00
-6.963751953746841750e-01
-1.241863080730484459e+00
9.091982172759265346e-01
9.587242753767023506e-01
6.195541655696616967e-01
1.334329709799483496e-02
7.990488174349245076e-01
-2.373780851262152769e+00
1.756801677511981019e-01
-9.849467146510171300e-01
-1.361883237311950268e+00
9.995615318889216061e-01
-8.643858123644096447e-02
7.023120707935245344e-01
-1.702476282184483436e+00
2.126985669093909070e+00
7.846511989100761475e-02
-7.557690143622586287e-01
-1.937205898733599385e-01
-2.320841731528676455e+00
-1.374406067101349160e+00
5.666373738318701836e-01
-4.882922930468788780e-01
4.880574482130882186e-01
1.208984079669615852e+00
-1.206642132150077540e+00
3.947827469882945195e-01
1.867113468435236887e-02
-2.283266759379591004e+00
4.899989760705832087e-02
-1.384115066016224693e+00
-1.386590790671546891e+00
1.148494140184026444e-02
-1.185894198291983503e+00
-1.343036564301406832e+00
5.862728991406895851e-01
1.171048591874903844e+00
6.490020797832970478e-01
2.911291037937236981e-01
4.054091317194412070e-01
1.246348830883476699e+00
-6.682556005654680664e-01
-3.164932708362311886e-01
-9.998727154909894943e-02
1.866728847128021007e+00
-1.529071022691979032e+00
7.812513066155778452e-01
-3.038009204709468669e-01
7.537444295342828893e-01
-2.223789839381558053e-01
7.403477218339757915e-01
-8.094880278655760542e-01
1.171296228775644752e-02
-8.921777776247080682e-01
1.153828425924392498e+00
-8.832600409662909602e-01
6.853811171241391831e-01
-3.682431280964678089e-01
-2.178623415290638909e-01
9.259518524845333776e-01
-3.561134626944462700e-01
-4.012660267811867243e-01
-1.626668720810938162e-01
9.872520980336590979e-01
-7.265709099159172180e-01
3.743883893390596851e-02
-1.381797856766044941e+00
4.202020763180930318e-01
6.080637411994872510e-01
-1.090280730761165884e-02
5.937393437225338966e-01
-1.186512122295893867e+00
6.340977008796544467e-02
-1.741656066397490266e+00
-8.043797886514396367e-02
1.485330450467409191e-01
3.504166199810870852e-01
-2.640597228090789117e-01
1.511585549549977037e+00
1.798920053312120793e-01
1.143173488249530356e+00
2.357408438016386221e-01
-2.132169810342310790e+00
-8.833793567848575723e-01
1.577747958571436682e+00
-7.646595993070706143e-01
5.572518391225217416e-01
-1.159035929821092159e+00
3.732720571874048598e-01
6.556382735655388316e-01
-1.507299191569984875e-01
-4.413686621054546677e-01
-1.292600887773730944e+00
4.119007970635560900e-01
-2.141110633251991913e-01
3.772710651037119445e-01
-9.067765819050834786e-01
1.379699849137614454e+00
-9.221839088952843433e-01
7.211386028449568997e-01
-7.478331786558879424e-01
-6.769220254286776317e-01
1.253196543396982096e-02
2.984409023740750566e-01
-2.319707990502226647e+00
-1.894429796292306678e+00
-1.636808314595870339e-01
1.908403923079372344e+00
5.048127237474412388e-01
-2.127838397739897358e-01
-2.521611049561444107e-01
2.871674951344000415e-01
4.401154836604864728e-01
9.068494550423096268e-01
-2.019588555496233173e+00
1.318314300199179723e+00
2.276526605574203943e-01
4.491559335735694769e-01
-7.577777580183689965e-01
-8.282288564089905769e-01
4.485750066135916203e-01
1.721586375706763095e+00
-5.110324985725200192e-02
8.012911731277320149e-01
1.286672552832337058e+00
-1.077021010429880077e+00
-9.986681427435187830e-01
1.982758140289817839e-01
4.814826969663337231e-01
3.295220367936589345e-01
-9.889367850720741648e-01
-8.184301626004059083e-01
-7.954162142421463688e-01
-1.231982755547864850e+00
-1.109206934866072247e+00
-1.387004680743987972e+00
-6.561802691390045128e-01
3.680316357542740002e-01
5.893522163503759348e-01
1.291901686482744005e-01
3.182158024424243115e-01
5.514232042389233257e-01
1.752717300703196202e+00
-1.148081091761713246e+00
2.811313170928063654e-01
-2.408031136213627799e-01
5.750548587894157571e-01
6.603016772727884343e-01
-1.289359615413718352e+00
4.506624320292753061e-01
6.846081508781580727e-01
-4.335889025740289338e-01
8.060946928348294849e-01
6.872276534858415831e-01
-1.597635801471875894e+00
5.195966921544308281e-01
-3.728015145290969889e-01
-8.762695064016473578e-01
8.223970566874392318e-01
-3.383519111282819458e-01
5.099196342884195765e-01
-2.953849120899964542e-01
4.156200972574184971e-01
2.780050913524128031e+00
-6.553486710295020057e-01
-9.321019892198820767e-01
1.753306389050683700e+00
-3.521812149984001467e-02
-8.222891246698404988e-01
-7.631241626225245822e-01
5.017668956391372337e-01
1.453190667445702355e-01
5.095744382492827240e-01
-4.368060617898703035e-01
-3.300917301776152418e-02
4.712567745964995058e-01
-2.803587051459991653e+00
1.686845846955135286e+00
6.111708147155119342e-01
-9.493148691519795457e-02
-2.148214642182824541e+00
-8.028442234494507224e-01
6.285991469243885632e-01
1.910526402631643750e-01
-7.228648619140712883e-01
-1.480138187766777136e-01
1.470661391746491686e+00
-3.056718784981496406e-01
7.903531294613456160e-01
5.129579075991995696e-01
4.315288144438093054e-01
2.622782568528930214e-01
-2.168183586522230755e+00
1.488723240899206823e+00
1.854714166677448928e+00
9.680507892234838652e-01
-2.743330030822634935e-01
4.047857945768457699e-01
2.110442003551643797e+00
8.502856417777709952e-01
-7.121337804794970472e-01
-3.405454201309873752e-01
3.482170470638759618e-01
-6.770243523009555897e-02
8.288244080125708457e-01
-4.659265373791581233e-01
-5.791375743014665067e-01
-1.040589926326357606e+00
-7.401668561179974848e-01
-3.061094509637506400e-01
-2.101808741763229627e+00
-3.374403184633553709e-01
-2.189632191621918800e+00
-5.812992253375134366e-01
4.813043172684142168e-01
-1.821146439506930337e+00
-1.169992264561216411e+00
-9.988686228153826896e-01
-1.124147087246499144e+00
2.916373170691359262e-01
7.102184741527890477e-01
7.006005427788483120e-01
5.388812511550266082e-01
-6.462891342270569162e-01
3.306509403697988625e-01
-7.424360134955276802e-01
-6.581960857248521091e-01
6.558893601835106280e-01
-6.833292419870736767e-01
5.611502308955942375e-01
1.646236006667945728e-01
4.627210674375179522e-01
1.016556182860823165e+00
-1.117085112792094437e-01
1.604788016428326136e+00
5.663277518297306079e-01
1.883167625160673930e+00
-2.336020257541983614e-01
3.730790750684365165e-01
-2.016594457061037460e+00
-5.899833348901286634e-01
4.197684623300061008e-02
6.403897819000795577e-01
1.950737216632587312e-01
-5.587598595246476840e-01
5.589072765439568879e-01
4.446112336975867052e-01
-1.457736577180258619e+00
1.726962175470052818e+00
-4.800112891024542749e-01
-1.865375467829889056e+00
7.054366111049154009e-01
-1.931246471261472530e+00
2.075503636441280164e-01
1.201196507749546338e+00
5.613753470767287590e-01
3.125737698648881763e-02
7.607573197844197388e-01
-7.632178792411800083e-01
6.233736149851873964e-01
2.024588925403343342e-01
-1.119220288922337520e-01
-5.251505625540703326e-01
6.921759253545553894e-03
1.003544818949526629e+00
-1.476803525893299440e+00
2.282205328595732496e-01
-9.262120625429229315e-02
-1.496169587847070215e+00
7.280106501772989902e-02
-8.770246746945788152e-02
1.686168177050332284e+00
-1.799903264564908456e+00
4.371462481903024555e-01
9.804347904113955847e-01
-7.041535815994180714e-02
6.331176031222256473e-01
-1.077575086422761785e+00
1.057218773850756799e+00
-1.732914376082196339e-01
-1.313895387917385082e-01
-3.292057913906910604e-01
-1.397851266456931363e+00
1.591312122833324627e-01
3.161970888285301484e-01
-3.761687664641666928e-01
2.879845234537465326e-01
-4.614498744083878057e-01
-1.600215287709431111e-01
-2.171029785039849669e-01
-7.066243481795082548e-01
-1.643842772913920725e-01
1.704024968057587630e+00
-1.088308191732433983e+00
1.120639735539705528e+00
2.348637811106766282e+00
3.215237799791382245e-01
-2.114805650283074545e+00
-1.632836182052895602e+00
-6.865429706157401002e-01
-8.030201261267677637e-02
-4.543112029297181609e-01
2.162618690764091856e+00
-1.794958573661845858e+00
-7.729727543880937635e-01
2.754552919921747556e+00
4.589120338458944903e-02
-1.399968033928940647e+00
-9.731503486635884048e-01
1.230076597078033407e+00
6.731163174205777588e-01
-9.947781410305718275e-01
1.456943825357203570e+00
2.556983919793191506e-01
-2.689604358658728017e-02
-6.657841898436873684e-01
4.003536979276816621e-01
-4.129893551199760315e-01
-3.057127754042568424e-01
3.101669991218700129e-01
7.169562944991585141e-02
-1.174559450138887629e+00
-4.807725102178032617e-01
7.249140188846683319e-01
1.868629534820703375e+00
-3.608534744139658690e-01
7.359199370176374710e-01
3.967841327802885676e-01
-1.124681020980075274e+00
1.473831292098496393e+00
-6.981636997448615878e-01
-3.092244069315766564e-01
-1.150232284638277591e-01
6.655903527972728551e-01
3.836963153016704764e-01
-4.726989395963812624e-01
3.849559292028949531e-01
5.658962433467187303e-01
-1.328425244966864760e+00
1.479924528764829939e+00
4.680502335442926487e-01
1.715027299999814181e+00
3.976909821154550051e-01
-1.082536244414717075e+00
-6.005090288681370625e-01
7.662351208421390725e-01
-9.834668005133460067e-01
4.499995375693624511e-01
-1.494315907880517491e+00
1.451107035265087664e+00
2.490256499415002545e-01
6.793842621531686055e-01
4.709966100957396207e-01
6.152739626581298776e-02
1.776376649339455271e+00
-1.759717669953349217e+00
3.977836804785074287e-01
-8.454000755868565919e-01
9.344927216683049931e-01
1.188891847789895539e+00
9.227562363697683345e-01
8.446099287067002637e-01
2.477369440799269684e-01
8.996242738778685855e-01
1.622345412774915729e+00
4.709146428549005892e-01
1.306399618963239195e+00
-1.316306923055831524e+00
5.344639500904275753e-01
1.316511048597014177e+00
-8.278705994945124713e-01
-1.138140490254208714e+00
-1.269614194021622566e+00
4.035334870937405394e-01
1.234081783467043669e+00
-1.444600491617422655e+00
9.379080801527591715e-01
1.045904328209705803e+00
-1.168546758407743358e+00
-3.075165074614560345e-01
-7.433482523862067204e-02
-1.569166969087467445e+00
3.972690327811584377e-01
-6.839863897903876166e-01
1.889420689915833673e+00
-2.167635368623390679e-01
-1.038424127295627164e+00
8.396563242180226094e-01
-2.115089216784879211e-01
-1.089020445784623758e+00
-6.152967075160254984e-01
1.192626210410764553e+00
1.414293812805555328e+00
1.503902805960450673e+00
-6.951521267750688793e-01
-3.379036955746218540e-01
-1.329918717748717061e-01
6.037314075534672142e-01
-5.984132611948147495e-01
5.397924738932269317e-01
1.306514605512010818e-01
9.413535822454988100e-02
-6.322424594718251134e-01
3.694425761292629007e-01
-2.070176490840019756e+00
5.454743535634413165e-01
9.637287310686951658e-01
-2.293875467438055260e+00
-1.556154639799717021e+00
-1.017534879379332069e-01
1.475499390137253286e+00
2.860092281929575542e+00
6.245134895607985515e-01
1.355636784831191655e+00
6.402346910128484669e-01
1.098366865384471591e+00
9.774641350822801389e-01
-1.274907317112235816e+00
-7.875128552118710878e-01
-1.661132075274128317e+00
6.600305021586579945e-01
-2.806836790936313442e-01
-4.043844064390711424e-01
7.972419538641141168e-01
6.048235790539187029e-01
-9.306112237306148061e-02
5.851289369161474796e-02
-1.328066473812756332e+00
-9.950616606928617269e-01
-1.050196758694426524e+00
8.068284786654458252e-01
3.435027194382324622e-01
8.342756253351893969e-01
-9.390998478232837066e-01
9.204959620998005854e-02
3.016476039927097341e-01
2.230871979338919786e+00
-1.091750171472711584e+00
5.567070347695264321e-01
1.991032654325563200e+00
1.224783972562544371e-01
-1.407122644845615556e+00
1.417060366758940981e+00
-4.056750690254199432e-01
-8.715268630821823015e-01
-2.533006295869058455e+00
1.650460900409691511e+00
-9.290744561955236458e-01
4.376695664709768785e-01
1.245828918807047936e+00
-2.102511401159753213e+00
4.683912334463807836e-01
-7.969846245977364463e-01
-1.465058969306853198e+00
1.199489590309180453e+00
3.887619863140867604e-01
1.553850402226350624e+00
-4.174202337745051561e-01
-1.225281821182758080e+00
1.025912034362110203e+00
6.906692624930221847e-01
9.204543089826771052e-01
3.204846391159749674e-01
1.487486042095549799e+00
-1.006580259995471849e+00
1.278201851436778780e+00
-8.376241583474406394e-01
-7.570913076236439609e-01
1.193371016485261560e+00
-8.994219313759476142e-01
-2.551910313670493480e-01
5.764220958631197655e-01
1.121409797356487104e-01
1.010512381307407725e+00
-2.691319080581091594e-01
4.090312594023318149e-01
5.059330594107901424e-01
-1.404509378995947300e+00
5.095543163628833971e-01
1.603494305499499006e+00
-1.203068172862384322e-01
-9.947002213299779294e-01
5.403520976667297582e-01
-2.983819941325568589e-02
-8.548029280006762542e-01
4.982910207117835499e-01
-1.182608380891397304e-01
7.232360212006374578e-01
7.565213640087842251e-02
-2.354775244270463919e-01
-7.541915580576165068e-01
-3.106869012925190035e-02
4.589358596559708209e-02
-7.095845541567871173e-01
4.904924710115955017e-02
5.703610154739203741e-01
1.257965333230796290e+00
3.860709993651682548e-01
8.150598946086563545e-01
-1.792909492173908159e+00
1.547299818226772761e+00
-6.528857893052725236e-01
-1.608611123045960545e+00
5.949080903630473705e-01
6.947178160076815656e-01
3.712398333048186894e-01
9.024037545606174993e-01
8.353819287227848278e-01
1.197084469504788640e+00
-1.503008418360631593e+00
1.255347595290075668e+00
-3.077613848637414384e-01
1.043987311676312091e-01
-1.733242431636060621e-01
5.250021083207142558e-01
1.863059468715106207e-02
-7.866429103966940950e-01
8.158483678753515322e-01
4.849932970501103502e-01
9.880332035757291020e-01
-4.961154083687050464e-01
-1.045771813479425827e+00
-2.377526033895776547e-01
-1.443701508805564693e+00
1.171963873628256048e+00
-1.846959422991504285e+00
-1.533772938785530782e+00
-1.910728954262068902e+00
-1.224280553721840636e+00
-5.306159123121104715e-01
-5.290648775637318835e-01
-1.139917330940494189e-01
-1.588912831513771273e-01
1.376219940063025948e-01
1.034517240945406424e+00
-7.565609830815001047e-01
-4.512982465988326503e-02
9.608972337368613115e-01
4.404471794124736883e-01
-1.376694117972607989e+00
1.491491920736208732e-01
-4.249759118536312885e-02
-1.635362206403688567e+00
-8.815798869256323833e-01
1.045783802228948511e+00
-2.354140683700507997e-01
1.905080518077740537e-01
-3.329219884151623510e-01
-1.755816556886603541e+00
-3.057939949264964485e-01
5.153808960492994862e-01
1.848714589862815172e-01
3.855342628012626283e-01
3.038557387458713510e-01
-9.239701818922523291e-01
5.277083065861826183e-02
-4.338624558006617393e-01
1.200587102372633552e+00
2.921673320057774359e-01
8.758412241787395525e-01
-2.074408548172640074e-02
-9.014962196357362290e-01
2.746017608328011894e-01
-2.967296356020983628e-01
-3.033103622164824015e-02
1.911516071664960403e+00
-7.411132242917331525e-02
9.836836932934321931e-01
-3.672760851063905374e-01
-2.420763783230289179e-01
-5.499916570954910267e-01
-1.142286645363236597e-01
1.439717376214894928e+00
7.477335510601802460e-01
-3.257321350088408507e-01
3.555271141790581346e-01
-1.900300383399605719e-01
-5.875035117766539416e-01
1.581652940729837198e+00
-1.057929381727892970e+00
-3.929516959931136227e-02
1.875773774016176398e+00
-2.484463222170252561e-01
1.514503210518745924e+00
1.294483164123035213e+00
1.454540778585999838e+00
6.523841620330868007e-01
-1.103489071185309589e-02
2.165746759440495328e+00
-3.452014101028111348e-01
7.532993756485717451e-01
1.037912693717050638e+00
1.140208219521106736e+00
1.699585634641220463e-02
-6.883405019293958871e-01
7.562066939311994085e-02
-1.349551033841482228e+00
1.360108141402005977e+00
1.090616124740221959e+00
-1.716174624867556453e+00
-8.963836950482307886e-01
-1.228232576103346130e+00
7.054287976928217407e-01
-1.108248422558490320e+00
1.370530172922332257e+00
3.896498878668205879e-02
2.116525911466590470e-01
8.007297029962990864e-01
1.019505335711912014e-01
1.757942151245932630e-02
-7.371831090931659780e-01
2.202453512567651650e+00
1.004163339491989770e+00
8.618298137333091358e-02
7.403645273260031079e-01
1.238294001556781598e+00
-8.499583361862724784e-01
1.136398034040206478e-01
1.964697440684169516e+00
6.097324817194567093e-01
5.455194043903111023e-01
-9.868522364346085651e-02
1.128132091551021343e+00
-1.149000567757274105e+00
8.064182602553546797e-01
2.012686733283207019e+00
1.517742629999700554e+00
-1.185752677067472227e+00
-3.201063453043361817e-01
-1.391821388914675495e-01
-3.830065455900780180e-01
-7.301812560901842497e-01
8.954408546540720826e-01
1.189129960657291235e-01
-9.897299711882184825e-01
8.739070182458456015e-01
6.252279204869273244e-01
8.308576735236993249e-01
1.845783525138365855e-01
-7.864238493000401675e-01
1.962432132478868718e+00
-5.245151960149159187e-01
-9.941389122007978640e-01
-1.170925682951435620e+00
-1.610488131543893475e+00
3.392724301479801974e-01
2.037890836329478705e-01
-8.244778955837781531e-01
6.446836438457477225e-01
-5.525643311357806287e-01
-5.918791952149050628e-01
2.584480583143189403e+00
9.482929288256651823e-01
-1.893704077439815725e+00
-8.927892077552354935e-03
-2.031396028639486095e-01
-1.476049174182168189e+00
-8.230974071008168025e-01
-3.284160393468265049e-01
1.091369592117561238e+00
-1.071220478395382036e+00
-4.206503021760632510e-01
1.395856894492348843e+00
1.220299265460932370e+00
6.548508585559273398e-02
5.594185787013072897e-01
2.802492193016360988e-01
-5.272945492173891635e-01
1.881504053434123469e-01
5.856267513035069358e-03
1.026720751820437316e+00
1.828847796703462480e-01
-2.953331315714888827e-01
-7.645452066581904793e-01
-6.203798651046772694e-02
3.435123184555163300e-01
-1.341222501740676254e+00
5.030277262553657369e-01
1.706516806472804237e+00
-3.011858317274456742e-01
8.801599671675124081e-02
-1.718527861604403073e+00
-2.137756861584902690e-01
-1.054337760358607712e+00
-1.128874160921001790e-01
-1.050019392853323685e+00
-6.574013891348441385e-01
-4.392600287054460907e-03
-6.619934651033425321e-02
-6.067194014121950890e-02
-9.579826212566834309e-01
-5.671528316106665413e-01
-1.645232182388467745e-01
-1.623647971116943589e+00
-7.182649585324317465e-02
-9.272487350861581268e-01
1.741672518502792588e-01
-2.277279705430943213e-01
3.787451370664543515e-01
-2.178425768286286757e-01
-1.449806397458582641e+00
-6.241426938319112327e-01
-7.450624590118813673e-02
9.438653942112026352e-01
-6.467020027279089811e-02
3.433172272201056585e-01
1.030713043091799008e+00
-2.534964222674879197e-02
-1.050002227122850185e+00
-2.947429464569489288e-01
-1.672461752278901814e+00
-2.947071501046980707e-02
-1.070712467402077372e+00
2.658783279629524099e-01
9.967729733867957131e-01
5.898999152097259557e-01
-7.657038384252926599e-01
-2.143183848508743994e-01
-2.981991553164991537e-01
4.050809462766718494e-01
-7.855575555837053248e-01
4.030980953849058745e-01
-1.153236489170879731e+00
1.101173003268002937e+00
-4.280782328304348627e-02
7.684475450535807051e-01
1.518098490794762556e-01
1.214476346416734298e+00
-9.844073875443913879e-01
-6.288018824097199033e-01
7.318155201365573737e-01
4.848002981342190015e-02
-1.350714611386280239e+00
8.005280192425823227e-01
-1.117887378004807780e-01
-1.418077564780051703e-01
-3.044833151535553117e-01
1.708022864430850385e+00
6.684562212582488838e-01
-6.103897447884665262e-01
6.752362705716168367e-01
1.935599735715284320e+00
-3.666013918576075947e-01
-2.934875791693630775e-01
-3.317619102847128687e+00
-5.677467684256728431e-01
1.540200058339222133e+00
-7.293651394357136830e-01
-8.716684923820322561e-02
-1.938411537675943930e-01
-5.655713609182951851e-01
-1.296240853126957804e+00
1.985523635273700682e+00
-1.622102750173210969e-02
4.849584725355932102e-01
1.722088506502038319e-01
9.754528375363382686e-01
-4.275917905008058129e-01
-9.864411653515097189e-01
1.536814435305471349e+00
1.161992935914772707e+00
-7.607299412592695154e-01
9.573301194610274178e-01
-1.416191514985981614e-01
-1.316142776619386723e-01
-1.802865171714215009e+00
-5.245026322988244338e-01
-7.036638094377259955e-01
7.912612422357646613e-01
8.723254796541047851e-01
6.160802813905499331e-01
3.296966442365736188e-02
8.416242071227801880e-01
-9.085068552820008136e-01
1.501163450333888649e+00
1.313475187947683587e+00
1.814474881468253753e-01
-1.474108200401435864e+00
1.325894814549474887e+00
1.712936585438057380e+00
-1.251051435020078095e+00
2.438013369828398724e-01
-7.169644420312456523e-01
8.840355805651137766e-01
-1.768466276647821633e+00
-8.805748768715693231e-01
-8.341636026922459868e-01
-1.071932534744915566e+00
-1.433276603549956119e-01
7.266259457697205049e-02
-1.593950726826342645e+00
-1.606117015099065362e-02
1.540439531272255858e+00
-4.968107859314844776e-01
1.847204069879352373e-01
5.531134593230335739e-01
-4.554841695919718547e-01
7.516187907264539891e-01
1.570296918415497345e+00
-7.274948610321340103e-01
-1.094715148085666279e+00
1.047924655783388087e-01
-6.413784588118002228e-01
-4.063464280826381558e-01
7.544648283620035700e-01
-3.225238688974110257e-01
-3.075972711195278930e-01
-2.015044024346492435e+00
3.705406836246523672e-01
-2.765991583948213872e+00
-2.188762734210465133e-01
3.476811748750238129e-01
-4.621331785246095558e-01
-1.345560012491567203e+00
-1.315997405769181894e+00
1.677436585024280724e+00
1.969243010906608360e-01
8.637406200049771998e-01
6.081277202539191185e-02
1.984810643867767510e+00
-2.558567713960171464e-01
3.509038630184027618e-02
-5.558188150948980555e-01
-1.818353779352434252e+00
1.321153186525683365e+00
1.658829879399308149e+00
-2.222346328351318401e-01
1.862979990848964151e+00
-9.879912451764006898e-01
-1.021421790631196203e+00
1.009446096638908219e-01
2.027350509441812942e+00
6.212225148656042029e-01
2.793220189090012129e-01
-5.438719930146552750e-01
2.082273340902738745e+00
-5.621583161287890817e-01
1.221048749528934607e+00
-4.795685316656265185e-01
-1.995967318865886631e-01
-7.679153498920539000e-01
7.916910759306754475e-01
-6.209301960074381510e-01
3.239390908918890477e-01
-4.358019904007492396e-01
1.590735903011984975e-01
1.324640999102495720e-01
4.282063124997018133e-01
-1.734893128197916745e+00
-4.782926116139412653e-01
1.547961400833545720e-01
-1.546007448462192402e+00
1.213396658105017289e+00
-1.610210977409433086e+00
-9.080148099765175118e-01
-1.709675313371632255e+00
-1.110724941326819565e-01
4.156774145693507005e-01
1.194758111826965674e+00
4.830106946156494385e-01
2.904183896581775115e-01
2.146250867300767140e-01
-1.191540018093552478e+00
4.587242283452656610e-01
-5.326424860498853997e-01
4.027209157566812858e-01
8.409216764769950059e-01
-1.144862807031848284e+00
-1.104730740680966994e+00
-4.213251977306083362e-01
9.231719977815888711e-01
-7.246659497710898901e-01
-2.077736865837484626e+00
-2.333171627631723588e+00
-7.072602808869351554e-01
1.207042663500133672e+00
-1.385524634686358114e-01
2.682144455129522598e-01
1.572023324319144821e+00
3.509534968641725428e-01
1.137067735356174669e+00
-1.074214948245820617e-01
-8.809463882779365873e-01
2.502603565662571583e+00
-1.359184138250402463e-01
8.343817663061049439e-01
-4.461304614629696963e-01
-4.151939570578015992e-01
1.344188600615404905e+00
-4.349071194677066043e-01
1.259859988262801211e+00
1.137273520910586422e+00
3.856680189834498229e-01
1.124032608966188063e+00
1.786779245676485290e-03
-2.480931987472258793e-01
9.573197941952441004e-02
1.215314815552764438e+00
-1.654785919074139855e+00
-1.657059311853706363e-01
3.975604294041732989e-01
-4.307459720018580462e-01
8.533397131927749069e-01
5.575122050552412667e-02
-1.928938679124223343e+00
6.019015524009001944e-02
-3.643740708091926517e-01
7.925853671532860911e-01
-1.975023385421399158e-01
2.844712531046484361e-01
7.787079638200817833e-01
-9.906182805216332543e-01
3.674394980018871881e-01
2.916227344681527334e-01
-1.369284090472307813e+00
2.071239136307981010e-01
1.529035898925031889e+00
9.562514466000722191e-01
-2.310500040882686457e-01
-8.737839919365030239e-01
-7.817617836221006922e-01
8.396927986810065470e-01
1.996972988568837870e+00
-1.062250240733179751e+00
2.297778197532257191e-02
9.817372700325627255e-01
6.933534365153506407e-01
-4.567842621902187816e-01
-3.192170315174930328e-01
-1.485682365612628120e+00
-1.591926768286991312e+00
-3.289901364646297122e-01
7.536978267196469128e-01
-8.185209549112394400e-01
7.871501521510110289e-02
1.417202469471643377e-02
-3.468315633414570942e-01
-2.785188128026622745e-01
-9.143493512649456534e-01
3.728617096456925406e-01
4.635785773172594881e-01
-3.928892080556040667e-01
-5.218126123985333820e-01
-1.938019961345494591e-01
3.856710451796425132e-01
-2.007090532074502054e+00
2.795854199386642147e+00
1.526950500034989888e+00
6.080418548000401380e-01
8.065979657649001711e-01
-1.479936156899551269e+00
-1.373756142630180532e+00
1.023710110422994674e-01
-9.537651513186487517e-02
7.160340105928029164e-01
8.882245799770972505e-01
-1.236890338439395887e+00
2.086521933615421986e-01
-7.373344818123792610e-01
4.745649251223995474e-02
6.626520549647391123e-01
-5.576634311195916016e-02
9.384256040838536705e-01
8.422839940010020676e-01
1.517321024339540969e+00
7.788673051824946958e-01
-7.906150824771359664e-01
-1.778570214679572048e-01
1.941994341080190756e+00
-8.282564688487621396e-01
2.154204744491547141e-01
3.470377340276694089e-01
-5.367469885229221305e-01
-2.479110675399190389e-01
3.006777207326730150e-02
-2.035386845577057624e+00
-2.896455488982426774e-01
-1.524693493761239083e+00
-1.835681923900479851e-01
1.729003192915074205e+00
5.260086828256534952e-01
