8.169376132112432520e-01
-8.353871130849839233e-01
6.128219038367316296e-01
-4.660420117726217781e-01
2.862205030922405635e-01
-2.145008446614690145e-01
9.314259780531167765e-01
-1.604343462572080492e+00
4.334552125525171218e-01
-1.826615557174437743e-01
-2.797128050300300983e-01
-8.621078595890018237e-01
5.375690572401378153e-01
-3.447458157889158326e-01
-5.333462531911000726e-01
-3.644173854791084022e-01
-1.428799318345978175e+00
3.895868600565859929e-01
6.338152150549034580e-01
4.748033561370605393e-01
4.969543018755490649e-01
-4.412830829027175605e-01
1.646885521353298909e+00
-1.122117962100831701e+00
-4.332222959312086452e-01
-3.041976226542146389e+00
9.454874707069022000e-01
1.654797768637684241e+00
2.455478028432724891e-01
2.575415936703256969e-01
2.002622007014164485e+00
-1.804556198854422588e-01
-1.112505091802798329e+00
-7.185625369314269095e-01
3.613420468141825825e-01
6.249061063395279225e-01
-7.847374777856592765e-01
-6.006701087907305725e-01
-8.018599100526941914e-01
-6.087003765141839606e-01
-2.245785154011154805e-01
6.833324303191531390e-01
8.738008812848265805e-01
7.379854948981864338e-01
-1.320364700766382682e-01
-1.687039839961204657e-02
3.663552310850556881e-01
1.850566991320263810e+00
8.240507482770809133e-02
-1.731601466858267713e-01
4.914939791142971526e-01
-1.107725580919395991e+00
6.994869923312027615e-02
-5.226244709925159659e-01
2.495533412034730836e-01
4.574402136469046809e-01
1.063897317599448861e-01
2.817565640930604909e-01
7.670578096279695446e-01
1.686323894809751645e+00
9.543248690992255368e-01
9.957064532909301047e-01
1.745395271026612960e+00
1.941804707096890237e-01
8.566996215286016847e-01
9.639927423656340366e-01
3.083142061799155620e-01
-7.860440780770129310e-01
1.618936572017472875e+00
7.204392896502994637e-01
2.754745174128193641e-01
1.678343673117100865e-01
5.114508546135593248e-01
-4.879743638886708396e-02
3.511011662432794028e-02
-9.523995458287548913e-03
-3.209173091533992217e-01
-1.027659010456365651e+00
-4.622019472942823781e-01
-1.376998805929453784e+00
-3.923972419218088037e-01
-5.187258563146613932e-01
3.990173123507024244e-01
-1.490455411827366961e+00
1.260087993846276642e-02
1.048558409924854606e+00
1.049782840898716568e-01
-1.639587605253686464e-01
1.182516093847894467e+00
-2.588597776367392855e-01
-1.797512360960234812e+00
-1.132012102266913400e+00
1.247305443588567320e+00
-1.876616878002963729e+00
-1.532537954657178014e+00
-7.687183947823257313e-01
1.238282111598405066e+00
2.539768996007463198e-01
-3.480801272466746421e-01
1.286757265488951640e+00
1.140053456908967755e+00
4.098439124880225215e+00
1.169049270555677783e-01
8.291244746392697484e-01
-1.377437540217313350e-01
-3.458381693057777651e-01
1.715446831905960590e+00
-6.222037925618535414e-01
-4.333418326150691446e-01
3.528924884779058413e+00
3.759649801696486326e-01
-2.253499928221009418e-01
1.941566076808360630e-01
7.793022747308778753e-01
-3.985385345657354583e-01
4.031764982629019167e-01
1.585651778358803943e-01
4.033158603062929060e-01
1.398173523242697280e+00
5.805355753570409227e-01
-7.379424100279116105e-01
6.493681427590997091e-01
8.021982319894904734e-01
1.048002456561461626e+00
8.859752470277288960e-01
-2.599249483515635450e+00
-2.270068412919475920e-01
-1.403811222326032615e+00
-7.856034054470871775e-01
-1.405607978845356820e+00
1.523937544181998671e+00
1.421114562810136484e+00
1.064532077851420983e-01
-2.317607808203058894e+00
-2.448732909211569275e+00
4.821577227569007196e-01
8.867219999708716438e-01
6.993654039250372101e-01
1.689855449059456838e+00
2.348432985852210719e-01
2.743480520373359904e-02
-6.345258240916817893e-01
4.867167613517709435e-01
1.323989305351270129e+00
-8.604170781839551863e-01
-7.837998177159849478e-01
-1.839478282639429030e-01
-3.330597119033027464e-01
1.855115345562754481e+00
5.388270955556330177e-01
9.781821945327240364e-01
-6.081457071717444318e-01
1.077712350808727182e-01
-8.257911542125431076e-04
-6.772518782762989575e-01
-9.995747577441191911e-01
-5.256701208930035785e-01
3.697146409348468499e-01
1.860455672654777626e+00
-7.890228883852313801e-01
-1.483159326715995374e-01
-4.566279390805398908e-01
-7.923641697361165637e-01
-9.544500969038709481e-01
-2.494701095193095630e-01
-1.658585043755144151e+00
-4.079108760673444967e-01
-2.918005630482795598e-01
-3.913705263523466482e-01
-3.191584127451355113e-01
-6.987449413738006099e-01
-2.507046404518883942e-01
-6.023652077770802471e-01
5.138671535680895408e-01
-1.492685273944934110e+00
9.884207986580898497e-01
2.666275042579201449e-01
2.460919388048152245e-01
1.401602976050559057e+00
-8.198868039075855874e-02
-5.361678982548564454e-01
4.304629064243263858e-01
1.391463198919425048e+00
8.728702726093059416e-01
4.574641208433022355e-01
5.281438886598318616e-01
-8.517169615609583300e-01
1.886876555969195124e+00
-1.279880683067229574e+00
7.270678229090711264e-01
5.930927843740503302e-01
-2.552993849173176844e-01
1.622714606530161863e+00
7.010411251048520587e-01
4.937489211576298609e-01
-1.304457185342334125e+00
-5.795689893249279523e-01
-3.151205915634802679e-01
-5.557746730206011287e-01
-1.538406379427637694e+00
-3.488572024950201689e-01
-5.824334948815592661e-01
7.753132568186115181e-01
-2.498989461879577434e-01
1.456706708891771507e-01
5.101197865590018088e-01
6.891221403237104970e-02
8.502259095075646034e-01
-3.348549889148396463e+00
1.343851817765943313e+00
1.372149200986154671e+00
4.402892165748700237e-01
-5.761995983254519782e-01
2.150703283767834983e-01
1.354913117157533931e+00
-1.263406210751699899e+00
-4.576521370321509075e-01
2.525627254781883102e-01
-1.811996298914568815e+00
-3.003538261433982282e-01
6.866142442083777997e-01
5.664502708951675569e-02
-1.402439289042124893e+00
9.001064894219683588e-01
1.350847122285161461e+00
-2.132553832148974315e+00
-8.534043359446376042e-01
1.322040071612286871e+00
1.209686605203163623e+00
-1.151420524289545888e+00
-2.908069510188989515e+00
7.576650725915453632e-01
-4.361762525472214769e-01
-1.565364794122366066e+00
-1.294835946835479534e+00
-1.248383411980287017e+00
1.225737466583027568e-01
2.954148382983650123e-01
-1.231325937459189168e+00
-1.750535122012851774e+00
1.147922794825909865e+00
-2.294496589232806472e-01
-6.495301465254346152e-01
-4.260128170527640590e-01
-3.901230026403163520e-01
2.201209766370476328e-01
-1.646707647456414625e-01
8.725663709985930216e-01
3.923905422625629802e-01
1.853957603972503643e+00
1.552946485472981530e+00
1.739918825292017246e+00
9.763540315304184425e-01
6.197631053652782884e-02
-1.155461592539302806e+00
1.400753779726962231e-02
-1.469231011472685422e+00
-1.474318401848645266e+00
-5.050874551471141727e-01
-9.495155289997649906e-01
4.375622099319551594e-01
2.898994566222198518e-02
3.462379669940096605e-01
-9.242961165012228975e-01
-1.085612218434141907e+00
4.787819529910326000e-01
1.614070669245313505e+00
9.499685100858493714e-01
1.524959929139748094e-01
5.876784949256573798e-01
1.536231225150857804e-01
-1.102475805134184750e+00
-1.698675621276209524e+00
-3.597137571478305484e-01
-2.292228379977016561e-01
9.129445258057621304e-01
2.786340484839968656e-01
-3.114711593240131471e-01
-5.140020624039995933e-01
7.979234944732377377e-01
5.918833512101759897e-01
-5.686587294757319277e-01
1.074098240759583600e+00
-3.824251788202209235e-01
1.502185324456262183e+00
-1.117356325082606183e+00
-2.028360288292924973e-01
-1.362117629079301895e-01
-1.244999490731203196e+00
9.845236472554953489e-01
-4.883251127669969160e-01
-3.329305251520190377e-03
2.206936949176397267e+00
-5.502951521296390869e-01
-1.103281292513989126e-01
5.177437490067151454e-02
1.074825946740320726e+00
1.082281648268434759e+00
-6.920489996937234656e-01
1.198317016520257461e+00
9.848370035925948507e-01
1.435716134477546424e+00
-2.231532024729779184e+00
1.399692013114490541e+00
-1.582273260035627627e-01
8.897673427711836336e-01
-1.115684538419557725e+00
-7.052933979793408747e-01
2.678806567753807544e-01
4.760897643372700161e-01
9.852842235630952794e-02
-1.399343583553014136e+00
-6.308702713668108419e-01
6.637461419145563868e-01
7.057164213511435413e-01
-1.079985051385554229e+00
1.382520292468504719e+00
6.260740122351332593e-01
-6.133210754020193001e-01
-1.037613311567948227e+00
5.204824812866476469e-01
1.496639807198189676e+00
1.855082427875779372e+00
-1.874400228300381999e+00
-9.362210642096403801e-02
-7.983691495814816685e-02
-2.515441624009194577e+00
2.428980958530559675e-01
2.430854048203729689e-01
-7.002621328005640411e-01
1.298113794349876837e+00
3.136458051196299168e-01
2.316585396498886396e-01
5.311884627464493747e-01
1.131533458637295347e-01
-7.541998448660846011e-01
-4.069861080497969574e-01
-1.655952563519264009e+00
1.303732050200869352e+00
6.291402760649194015e-01
3.115749797866635973e-01
-5.716402331545054061e-01
-1.228327046820583801e+00
9.687814844065574249e-01
9.022812513755441577e-01
-9.482174279862983779e-01
-4.865456506405024251e-01
1.253933275118601642e+00
-9.391243185742698119e-01
-1.138771400145212498e+00
-1.012216775171569827e+00
-6.826554889877484156e-01
6.178465551639685666e-02
6.973026726702197253e-01
1.276179658400081296e+00
-1.157551866956452624e+00
-9.414652207868452471e-01
8.185154561992553646e-01
1.010354807779049180e-01
1.142114227739956522e+00
-1.864706400896568861e-01
-1.997121650246560520e+00
-4.229717758011453665e-01
-2.268652376173637963e-01
-1.804732348585884605e-01
-8.068465753766798088e-01
9.012221091817775864e-01
-2.840645070872246242e-02
1.994562468403062949e+00
-1.456356536938022250e+00
-1.203207693058263139e+00
3.178170112915221779e-01
-6.925272467353713601e-01
1.321019245913185314e+00
-3.093937210416595335e-02
-1.372712917160764823e+00
8.637499554372729538e-01
-9.777734410303426937e-01
1.548877745199599643e+00
-4.304804959987469926e-01
-1.480305929628150885e+00
3.207833336370220056e+00
-1.021863321040525907e+00
-1.449740852862283935e+00
-1.422021914857436231e+00
-1.345880305803589527e-01
9.095086070394078348e-01
1.192401647709992636e-02
-1.555154483990683456e+00
-8.670590616536311135e-01
2.517058166985793877e-01
8.493390852316634598e-01
-6.191959912352584805e-01
7.397116324887949013e-01
-1.104818732242942581e+00
-9.603515959578243777e-01
2.446048082997998474e+00
-3.160289501439607438e-03
5.697263048243045302e-01
5.883676547016895020e-01
1.050061107373327474e+00
-1.853901728155620487e+00
-1.043475272658343611e+00
6.802095538931797469e-02
-2.042087523222235051e-02
-3.146430444275123972e-01
-7.999064793029491138e-01
-4.601408662449002485e-01
-6.635044186628752394e-02
-2.708567945752677897e+00
1.104125027727159258e+00
-1.796032055530073723e+00
7.280475864166993105e-01
1.057407337744502129e+00
-1.471363159638610085e+00
2.399775138353738235e+00
-2.104605127093734374e-01
-4.746253268276496851e-01
-8.469328830059856816e-01
-6.842309690638443964e-01
1.527137534481916470e+00
-1.138198620403842121e+00
4.760242939019042607e-01
1.485107003967130190e-01
-8.113334122676884030e-01
-1.781653937631804574e+00
1.034287738969938530e+00
1.924397649228446028e+00
-6.222700048515216187e-01
4.873773803343954270e-01
-9.575573737726023049e-01
4.602595835059067331e-01
7.061680259593322573e-02
-4.200363520098456815e-01
-2.215763917484100676e-01
-3.714649982644950832e-01
-9.237771055648957841e-01
-1.352270260751405218e+00
-1.131533793967302914e+00
-5.941663994821599903e-01
-4.293406819240753181e-01
-2.143990555831761569e+00
1.157058432792984037e+00
8.009341735778654492e-01
-2.902970632439536014e-01
-6.441922469640581905e-01
4.667612543334125758e-02
1.451165845188555847e+00
-2.288386696516911401e-01
1.036219253218808367e+00
-1.504509258846123965e+00
1.312430901509344106e-01
9.804688263102345758e-01
-1.045020395945933656e+00
7.624423045401100552e-02
-7.110724950372750985e-01
-5.491656268959369536e-01
8.215486476126110382e-01
-8.090266116318388656e-01
9.550725040535947841e-01
-2.574904220261323040e+00
4.932477960541616913e-01
5.315995370199019243e-01
-3.789985148004825222e-01
-5.666884797377676891e-02
-1.117246626018230771e+00
-1.572250422557807559e+00
-9.277967567034253737e-02
-3.025800353691532329e-02
2.675690869822646145e-01
-2.816290651440767068e-01
5.859028973595905576e-01
8.152863882761263170e-02
-2.339829530229365684e+00
7.439906322168902131e-01
-1.348392485358546175e-04
1.268097173541605338e+00
4.135898237802250188e-01
1.927977950649684968e-01
-6.614021552408787530e-01
-7.306834517219912284e-01
-2.309763171241301094e-01
-1.936918930482340873e-01
-5.836629373025941092e-01
-5.006735716097434619e-01
9.514618897231781336e-01
1.784468371891733574e+00
-5.265342976738930370e-01
-1.952494184993331869e-02
9.631674449486843370e-01
2.741209016642035756e+00
-1.133590801788137314e+00
-2.037140376953681553e+00
2.321625401995717208e-01
-1.737597917596108432e-01
-1.889273035401650036e+00
8.753998284413680442e-02
2.064137087778894764e-01
2.223371662008219563e+00
1.646438365794398451e-01
7.112277322973654670e-01
-8.400917553688467265e-01
-1.231313136417572673e+00
-1.463207320467221795e+00
9.094111524535803959e-01
-9.851587260634800391e-02
-3.860463194871019965e-01
-4.582066469082494709e-01
1.161741010702626697e+00
9.899293799125140625e-01
1.240806630022998736e+00
-5.994457226126757854e-02
-8.532512240012820603e-01
-3.591208315912372551e-01
1.559265925641662554e+00
3.976509795339369102e-01
-8.250979408790374281e-01
2.043207482931828967e+00
-1.421123832979557799e-01
8.395212975088431340e-02
1.625813418855964976e+00
6.214108763620422859e-01
7.279188003575784438e-02
-1.735323077395700464e+00
-1.281170601063711167e+00
-9.230565608156535706e-01
1.739844970245290501e+00
1.934073634705616218e+00
9.351961837626425744e-01
-1.015086603121858611e+00
1.452437672396156287e-01
-1.987193715856326204e+00
-9.940407165025174629e-01
-2.444225546848612929e-01
9.022361346245032498e-01
3.810587982463090051e-01
-9.878421051312744616e-01
9.004001961765102369e-01
-1.373962692029816024e+00
6.117084759045111203e-02
-3.456910433521147019e-01
2.626488049547825998e-01
1.467191840340127396e+00
-2.070106849724215436e+00
-3.697574515067850176e-01
2.599147963014114104e+00
-7.331539678311973507e-01
-2.503882999787368835e+00
7.980515516983363034e-01
1.631412063207794139e-01
-8.313888067338434107e-01
-1.751121516368346065e-01
1.086785310373359348e+00
1.669860425224511724e+00
4.540047032133917582e-01
-1.347669870847120199e+00
4.751819913325902589e-01
-1.702344856607754586e+00
5.511967435784855818e-01
-5.682306933741206878e-01
1.071358359676987115e+00
1.213830595830435843e+00
5.061076505707640116e-01
-7.525099183537279357e-01
1.049367047419699911e-01
2.685086613335408767e+00
5.176995051206576548e-01
-2.497595349548364041e+00
-1.015467240186912201e-01
1.728311893880955408e+00
-9.594938438872280262e-01
6.677627868549166346e-01
-4.036461009788652743e-01
3.165606534540936212e-01
1.381231077821290787e-01
2.308266379879088670e-01
1.264131749589873843e+00
-1.886766073583801218e+00
1.552765892539379022e+00
-1.764918142063255299e-02
-5.859559235632070262e-01
1.401286182696320104e+00
5.664120711845039846e-01
-7.880159088817438873e-01
-2.682055715513886329e-01
-2.660488034844249228e+00
-1.257868613210325615e-01
1.089643305053437580e-02
1.394352796980883324e+00
-5.425478970842336768e-01
-1.564177055748928735e+00
1.174402728745882696e+00
1.747681253643105004e+00
-6.421070425436364859e-02
1.726182556004215440e+00
-1.082891222336578085e+00
2.332197200379309832e-01
1.049616906418098683e+00
3.533372491776851643e-01
-1.075983533324788466e+00
-7.491575120897089879e-02
-4.445673437562761565e-01
-8.049773455335280659e-01
-1.243730866255443823e+00
7.794149988835984422e-01
-1.749297228136736659e-01
-6.815219883540297729e-01
4.391069132213168968e-01
9.417263942592488668e-01
1.066180747117557726e+00
-6.615459207162337485e-01
-3.637339909119418624e-01
-1.076261868987174353e+00
-3.597042236408516391e-01
6.336205072135610294e-02
5.860603285200237655e-01
7.102169084042330161e-01
2.029530924319848051e+00
-1.157388168697348618e-01
9.750697206086887947e-01
1.402602384499719079e+00
3.891805960029531275e-01
-1.344625541145208769e-01
6.137924734912689750e-01
1.198740181546378292e+00
-1.664109316750287393e-01
-8.912612454079463786e-01
9.320326898197257848e-02
-5.653070315883594876e-01
-9.651753729093158762e-01
4.200867735446882634e-01
6.806627123295395654e-01
-8.756672400450850047e-01
1.820635733819950600e-02
-6.643890091323222391e-01
1.120807901096282810e+00
-7.463619048475703677e-01
3.075188050088884406e+00
-6.589755734678920396e-01
-6.018728914784922113e-01
-5.497759717461802031e-01
-8.605586755561422940e-01
-1.257731926669027001e+00
-1.088240366400306636e+00
3.059099451696074556e-01
-1.413346628185801368e+00
-3.920060743372812406e-01
6.794069797276300893e-01
2.350261963857634750e+00
2.888719604340269087e-01
-3.005132836812495212e-01
-1.427352510437263078e+00
8.343170344928373394e-01
7.256789695469586521e-01
-2.803423850225799097e-01
1.345023213959899988e-01
2.439906422586465007e-01
7.569019605266350537e-01
7.277799906138265884e-02
-5.091535570954868195e-01
-5.248606878086878869e-01
1.119402637934499678e+00
-3.399404430380579267e-01
1.011911508997744846e+00
-4.493869085017236920e-01
1.735895559616945860e+00
-1.691826269427353369e-01
-2.158645750241813932e+00
2.598516063293715428e-01
4.290573273479602601e-01
1.335968944385449664e+00
-1.977755232071767066e+00
3.187411199165125497e-01
-6.019083929677200295e-01
1.270446277211996211e+00
-1.156399494994033939e+00
1.368332185026855941e-01
1.338997777683050838e+00
1.288132152755967708e+00
8.065034006082988371e-02
8.014031819997767814e-01
2.700903423647461055e-01
4.763293334960984060e-01
1.313004807375138139e+00
-3.021985069284788050e+00
4.603525088035225199e-01
-4.420264124244627224e-01
-1.193937140188012114e+00
-1.148972604754241900e+00
1.145564343514045236e+00
1.044277778561069903e-01
2.265689706140082471e+00
7.520218995089563707e-01
-1.712643274660355375e-01
-8.354025688340127598e-01
-1.415456063272669596e+00
-6.272036454272513772e-01
1.469307269966800611e+00
1.124699905311498993e+00
3.515945093004425037e-01
1.188572687710785614e+00
2.893097849698204049e-01
-4.152739347115824153e-01
-1.177371449144994919e-01
2.100829872877840732e+00
-1.983284385365633451e-01
1.684747362026279560e-01
-3.651288291346955206e-01
7.380390423676691514e-01
-2.461978646988790764e+00
8.418824762533408945e-01
3.592243079845244824e-01
-1.881123599146532932e+00
8.314992278601310849e-01
8.813618183929833316e-01
-7.664994968189914326e-02
-1.812789185677657011e+00
-6.209335341795506613e-01
1.779417492280063462e-01
-5.337140140697715918e-01
1.006678042541537671e-01
8.247584112350042629e-01
3.069005666862965609e-01
-1.027152913884835206e+00
-1.319786755476221707e+00
6.962248603693343973e-01
1.530128453452254123e+00
-3.730573086490959756e-01
-7.736733731468343755e-01
-9.549581311455969113e-01
1.576896376544527856e+00
-9.174605848856192125e-01
7.793937015525799483e-02
6.573850868261880143e-01
-4.496217363219787155e-01
1.187583157212139806e+00
8.556301690568883789e-01
6.621163543307427568e-02
-7.885702193855473885e-01
1.595488739089567565e+00
-8.983265017563325516e-01
-1.728618455255057640e-01
-2.226011603531162786e-01
-4.812703752094977250e-01
5.762567085329547423e-01
-1.718618096841432630e+00
5.373398931422268543e-01
6.996458728589806109e-01
-5.562380155372679269e-01
7.280080333172549434e-01
-4.336368570333294370e-01
-3.967283747262427274e-01
1.516736208036955746e+00
8.736192573674176343e-01
1.931007471609206716e+00
-1.038038854367948627e+00
5.425166419424678477e-01
-8.522555440921577574e-01
-7.543088023961725952e-01
2.306836348308739515e-01
-7.260246801947731754e-01
2.013212285477251395e+00
-3.618041307523482963e-01
7.999254727483986471e-01
1.350816577564112553e+00
-8.074210276833091449e-01
-9.607710025387097286e-01
1.051444953727194598e+00
1.602188311457357850e+00
3.544321427955051673e-01
7.921714887629793811e-01
-1.750069949209767106e+00
-9.641856853364131341e-01
-2.830762844387353927e-01
1.280115171247745876e+00
2.201486797813865526e-01
8.009296662770052366e-01
1.299666993336499710e+00
7.186327389529006959e-01
1.394911109911046276e+00
3.458905137089919313e-01
8.440078801403319009e-01
3.937651193354677059e-01
-6.530397978253349445e-01
-6.208799149254835559e-01
-1.002896974065360380e+00
-8.602345071874888394e-01
9.800166044385581754e-02
3.635777258457198458e-02
9.321446056601335739e-01
2.783825844640198111e-01
6.277113781250052982e-02
1.075336549337388314e+00
-2.996916564184072485e+00
2.461987247388740307e+00
3.815197911259612940e-01
-1.579423994922212637e+00
1.387263189417512921e+00
-1.115079055361784865e+00
3.138206525157927196e-01
1.203799951245346556e+00
-1.703153284033915860e+00
1.136506767121468336e-01
-2.937621840604592305e-01
-1.099969100372362868e-01
1.744214980572455609e+00
-8.998891058132489906e-01
-2.667267177497080421e+00
-1.478869404000463239e-01
4.771005063882530761e-01
-1.585325514694946092e+00
7.839858207018330916e-01
7.788829403834253429e-02
4.314789641165900358e-01
-1.057016206327914265e+00
-1.254778142233656524e-01
-4.000756734136520221e-01
-4.040171747390200463e-01
-1.394804906675690459e+00
-5.546692749472520445e-01
3.646586870339175723e-01
1.531326534693172037e-01
5.822505143252981741e-01
-5.363179451470522219e-01
8.220504427875058306e-01
1.381276305045111119e+00
1.369539591710366544e+00
-4.544717474049206896e-01
-1.341886559854688521e+00
-1.708637707509574055e-01
-2.072460855368035149e-01
1.146299764651733888e+00
1.004307400906257364e+00
1.015714350912582997e+00
1.289667636427530795e+00
6.880688231853495651e-01
1.566428669654385208e+00
2.982966805206924699e-01
-5.024187462382153635e-01
-1.274361240440004206e+00
-4.147660303535137261e-01
1.268235748237294791e+00
-2.770740583400186363e-01
-1.935805086472648373e+00
-3.629748123494841439e-01
2.680024808914874268e-01
-9.833706410714467827e-01
2.466829962939139087e-01
8.631720214725474571e-01
1.163038184579242351e+00
1.011228775480248920e+00
-1.419804570863217652e+00
-4.822014540390700543e-01
-2.895373362545073381e-01
-9.288132732416056747e-01
7.359939215871587059e-01
3.721089848254009042e-02
-6.408117579646054052e-02
1.934152755424476677e-01
1.336605615019348381e+00
-7.358283916011416625e-01
3.414990641886744838e-01
-6.776500034779234793e-01
-1.138835189803667491e+00
1.326901772164313487e+00
8.530182674628851436e-02
-6.449744025989695428e-01
-1.020966529627426178e+00
-4.423514535621069221e-01
5.666655260092577917e-01
3.428514093674170371e-01
4.394310692387206618e-01
-6.552211838724074644e-01
9.453749225769504383e-01
2.388710811597741790e-01
2.835592638561932333e-01
1.207199807161114080e+00
-2.523988230344303973e-01
5.470276896232759700e-01
9.587545873951145436e-01
-4.540339584145064444e-01
-9.630085705138026198e-01
1.112051232435943726e+00
-8.268521713963278286e-01
-1.628234066166666327e+00
1.995057520061933320e-01
1.513578412726978017e-01
-7.352845389753124294e-01
5.763877133020290922e-01
4.196043288754189304e-01
9.112947320077622315e-01
-1.682523612779218913e+00
9.418775971311659223e-01
4.139306608228069950e-01
-1.085130042765224179e+00
5.967641210748818592e-01
-9.164231214229724420e-01
-1.730691675902161775e+00
2.798412710059193231e-01
9.446341065598887199e-02
-2.503879437994965818e-02
-3.161634213579976871e-01
-5.192831616109273574e-01
-1.360473055039714607e+00
-1.054643085607442216e-01
1.614631700817070303e+00
2.292769464592989415e-01
1.540808110281028043e+00
-1.503006615404420820e+00
-4.528819184235088023e-03
2.035230322438546846e+00
-8.794975410868349774e-02
1.234557836848207829e-01
-4.823999093783336578e-01
2.765801355642976578e+00
-2.209778666030799421e-01
6.963927444921320653e-01
-8.694349256123289349e-01
3.927882841510531020e-01
-1.007195674475580338e+00
1.556088605245020684e-01
1.282693766251667311e+00
-6.191991184341013588e-01
-1.640267636760347203e-01
1.039364093266236522e-01
8.187643659341107272e-01
-2.774234076083543221e-01
-7.770203296793427583e-01
2.769247665912521472e-01
-6.019725993785752793e-01
-1.141683482776113534e+00
-8.921673171660521318e-01
-3.853221812449735273e-01
6.354396116515470538e-01
1.447594592349572828e-01
2.637143404275976710e-01
1.063699982482882722e-01
-2.502272401565464044e+00
5.705741610012059484e-01
-1.347090348480579902e-01
1.924513120349879980e+00
4.611769785676873012e-01
3.250411631903361576e-01
1.676238490142909932e+00
-1.522969004138798210e+00
2.156640894265558828e+00
-1.280258550833512032e+00
1.141645461971162012e+00
-1.745656645138557783e+00
4.125151302862484215e-01
-1.927029046805067980e-01
-4.577910146745223785e-01
-2.567571999860495113e-01
-6.245154119858371544e-01
1.956977071220110442e+00
3.474124733161780554e-02
-2.698531676744907237e+00
-2.409642796817011767e+00
-9.754585285766497194e-01
-6.918686767170876273e-01
-1.239779728436587902e+00
5.666460542707943970e-01
7.841356893316164811e-01
5.908861746544865623e-01
2.216217072834242019e-01
-6.319395860434410261e-01
-2.480017281371436899e-01
-1.779151697356065487e+00
-8.653728166849615766e-01
7.588643944881350301e-01
-5.761559730738751925e-03
1.298120528181108346e+00
-5.467276118768569226e-01
7.044811490657146846e-01
3.668154319622336512e-01
1.581577529852320030e+00
5.069719042343633353e-01
-5.682260521944509229e-02
-1.677176233896432445e-01
1.637527730386682645e+00
-7.620254123121462664e-01
-2.582488292832999743e+00
1.651116496252095223e+00
7.266436055266698446e-01
-2.701797822100246438e-01
-9.783438583823891310e-01
-8.396190844071090842e-01
-8.227847646108172874e-01
-1.293603563623013430e+00
-1.220947430448772852e+00
3.246252518526664826e-02
-2.474499240042029313e-01
-3.005968978029719962e-01
-6.692330315750130154e-01
-3.259554959413213382e-01
6.856624199437354461e-01
-2.351161718333876979e-02
-1.122108683002006196e-01
6.616756219365963476e-01
-9.411265385030088693e-01
