-1.086027484881129546e+00
9.984765003698631292e-01
4.377844493217395994e-01
-7.265433254156689058e-01
1.617287336001917764e+00
3.398401409881827290e-02
-3.430056037937790347e-01
1.071288311455209918e-01
1.089369942140726577e+00
9.537249822938526078e-01
-6.448272800410854710e-01
2.124779885200715590e+00
6.960248342227746132e-01
-3.710426794546902718e-01
-1.233902642068960498e+00
6.356145332626863542e-01
-1.329063594561301853e+00
1.206445140880335609e+00
-4.363643520620234112e-02
6.179203967443347434e-01
1.081052448501812480e+00
1.308305374673594867e+00
-1.508690392142844339e-01
1.260527294012685262e+00
-5.720591714031787456e-01
3.006995688441608805e-01
-4.171513741253418117e-01
2.408281446436575934e-01
-1.734138258575309011e-01
1.207426827657225532e+00
-1.263530932789694639e+00
-7.243626467259145496e-01
4.497746519617769057e-01
-6.859258501777714123e-01
-1.310678254782375873e-01
6.984169605381422841e-01
-4.251261503115358331e-02
7.003160703606313431e-02
4.958393300865102105e-01
5.843705124889027047e-01
3.022578105412311311e-01
-4.494446082615483617e-01
6.017838168932699607e-03
7.804192672671256270e-01
2.529966620748703043e+00
3.871639851196870818e-01
-7.894489709341393491e-01
-1.535019810186423195e+00
-8.376636786120353895e-01
5.650717460802328063e-01
1.345865482505475219e+00
1.353474751329729830e+00
-5.002201125439330598e-01
3.233530598256698640e-01
9.170146773279100882e-01
2.177796437170054222e-01
1.527225843393641203e+00
-1.331868346613020171e-01
4.832856416174017844e-01
9.724289038267308616e-01
-1.324617346182976219e+00
-1.541661128696266481e+00
1.661415951853584261e+00
-3.564491888357848026e-01
1.943677998852143540e-01
-1.422075770935598893e+00
-9.416004671465290354e-02
-1.100354359257085024e+00
6.743203317077323122e-01
6.798187152099054442e-01
-3.366513259600848462e-01
1.022936431084058073e+00
9.223941682261820318e-01
1.611553252186971985e+00
1.425988977033351424e-01
1.472679403228226436e+00
-7.443570919589717061e-01
-8.026842152815633069e-02
5.325532178574576836e-01
-3.475373178049802059e-01
-8.835120012053867544e-01
1.159376791436713017e+00
-2.660598979511504258e-01
1.514086628424159420e+00
-6.559613370737941151e-01
2.229805001358260874e+00
7.285268906834420355e-02
-2.716199506129199914e-01
1.176874709122562868e+00
-4.221526673481911796e-01
3.942624930410371653e-01
-6.557444311831192030e-01
1.452628701440417336e+00
-1.067401370525160820e+00
2.422067001851853363e-01
-1.082940359784839934e+00
-1.123494089120135264e+00
6.424488444130691533e-01
-6.045296645156836984e-02
1.717676695181744317e-01
-5.148337578205188780e-01
-2.258910357382025447e-01
-1.133778160193949391e+00
7.542666398353672363e-01
7.216988177661605441e-02
2.452677314860122679e-02
-5.679182116842813599e-01
1.870657732026193565e-01
-8.139657098025870896e-02
-6.208432741471946459e-01
9.167167893884820007e-01
-1.069322985854127550e+00
1.043588882494481895e+00
-2.408461929389870970e-01
-9.110747693726101160e-01
2.153412836582139889e+00
1.151420308567599610e-01
2.143154691305209636e-01
-1.028809830724549235e+00
2.355892639136434041e-01
1.565745179007890897e+00
2.815354389731390405e-01
-1.357484109442486764e+00
1.960942811132921904e-01
6.078538147901899613e-01
-2.116086494449793687e+00
-1.759881941323706789e+00
5.433038322746230886e-01
-6.988165202148557409e-01
-1.319755211211079748e+00
-1.386583990548981293e-01
-1.087896446515263849e+00
-9.385863390499161740e-01
-1.203654496191414403e+00
1.438934190473755370e+00
1.672973190579966962e+00
8.666991598611955006e-01
3.670512118651866190e-02
8.522142038273842202e-01
-5.464278155566801853e-01
-8.226766434674545048e-01
4.181490778271318431e-01
-7.351159089675409763e-01
5.367632327519866742e-01
4.262464737328597320e-01
-1.694117384971620954e-01
2.240583590329626062e+00
-3.999704979001375005e-01
7.467392696163835941e-01
4.910544675962648098e-01
-7.412914520637579052e-01
-1.357745604582743515e-01
1.351877930601564026e+00
-1.206006566304609062e-01
-8.358143652926300904e-01
6.216967859405206354e-02
-1.452292140042649171e+00
-1.889680950167563322e+00
-1.955099998052196586e+00
7.876268123764792461e-01
-7.618890037149251837e-01
1.208180353518496730e+00
-4.229383609238077102e-01
-2.928068338149683592e-01
-3.592541841514052536e-01
-1.195447987621565789e+00
-9.666788676684995307e-01
-6.427454302663749841e-01
1.795280727698910450e+00
-1.294382370326875975e+00
4.983793308259603511e-02
4.306053714754817241e-01
-1.060109145240526463e+00
7.795646630033856717e-01
9.729674805216902145e-02
-1.599839099348435711e-01
-1.864489285745677849e+00
-2.811507138354683910e+00
-3.419189226057995912e-01
-5.782156900456564275e-01
1.036497918942298258e+00
-7.527485250927464788e-01
1.504774518112849568e+00
8.766948771383636929e-02
-1.696046570207558890e+00
-1.033932039785600221e+00
3.918919708402635593e-01
7.156461918048360182e-01
4.362509852923840414e-02
-4.807220742275427616e-01
-9.130016489559089621e-01
-2.822592601745604890e-01
3.013055478746982652e-01
-1.219488077709349305e+00
-5.991522043199999370e-01
-8.243051492083592890e-01
-1.675117874392230366e+00
-3.429760966163991620e-01
-8.358586254298951967e-01
6.841615164293779472e-01
7.795647766294508951e-01
-7.265929842983316345e-01
1.718247987646373431e+00
-1.126491618791418237e+00
4.611511918842667312e-02
-1.684557899689985483e+00
-9.431380844664891683e-01
1.340284742787885230e+00
-6.323180457877624061e-01
6.891995592280135696e-01
8.376484708532258017e-01
1.104157721069093823e+00
-1.515684598875243483e-01
1.600149377988862309e-01
5.085400593980775596e-01
-2.908199927638258631e-01
1.130918430661630669e+00
-1.027561772063949164e+00
-1.374952553155203427e-01
-3.842607571570634262e-01
-7.225376925225204250e-01
-4.981776529538322063e-01
6.911393090324338129e-01
1.030198417687983481e+00
-1.927759561874352379e+00
-1.218261585053449225e-01
1.268320296494855448e+00
-5.699304634485844456e-01
6.316693177455530439e-02
2.639861687201437435e-01
6.679290072152697100e-01
9.702789919638019622e-01
-1.009358064586558301e+00
4.191770139116632876e-01
-8.616012318685679627e-01
-1.112209968509377811e+00
2.445834118266240420e+00
9.144878567550339676e-01
-1.506747083373648211e-01
1.395703431997945332e+00
8.843617624380402109e-01
8.567663437258343784e-01
2.771383333345612821e-01
8.538264143216499624e-01
-7.384779680743078778e-01
9.886483540429356065e-01
1.136220639383295650e+00
7.984315800084591797e-02
5.428314389229127457e-01
1.288025614539781427e-01
5.061571258475380253e-01
8.284063159359443818e-01
8.111295643510735287e-01
-1.652855148862905743e+00
4.205265622737278108e-01
-1.200867027335389414e+00
3.021568232308642354e-01
-3.505337829991651555e-01
-1.238532349626776385e+00
3.692520653472970982e-01
8.663532512246870931e-01
-6.198373829810232410e-02
3.095940918009799647e-01
-3.193832100181683842e-01
7.688294145139402680e-01
-2.616720251855334745e+00
1.910356158260290815e+00
-1.397322545413400618e+00
-1.732336453245287622e+00
9.635499889246644800e-01
-2.060269561006659172e-02
-1.421569114239535248e+00
1.474103538268995151e-01
-1.484039404400439244e+00
1.490231239569694832e+00
1.089606909427085712e+00
5.802995306061485836e-01
-1.811515763890829467e+00
1.563148390666346588e+00
-7.106517054370383724e-01
-2.005346696813173679e+00
-1.693701642386438166e+00
-1.070313101229916297e+00
1.416484380851928959e+00
-1.540494125374309631e+00
-1.318849400942154748e-01
-7.218078978933291090e-01
2.201574145245430159e-01
1.127855950781273098e+00
1.387062063174120952e-01
-8.696837685138225638e-01
-1.519717835187401000e+00
1.699972628831707411e+00
1.477030879624743109e+00
-3.727352782246066143e-01
-2.046931951267510486e-01
4.711270594102500153e-01
-3.519716271095081894e-01
1.419505377902304133e+00
3.539575312084958791e-01
-1.298041258850726187e-01
-1.405067382587934510e+00
4.453486561566909717e-03
1.043755826211957061e+00
-1.387453056058756573e+00
-6.240870631073791586e-01
9.182819852378517611e-01
1.180020125655392826e+00
-9.047049641901029338e-01
-1.430404517369710193e+00
-4.259475003959176109e-01
-6.343267320684270461e-01
-1.148552798459445912e+00
8.602730495095595176e-02
8.996147291910552291e-01
-6.990732056771098435e-01
-1.502330775601744106e+00
-6.200863544710308872e-01
1.201945201474920788e+00
-5.407914176253562077e-01
-6.564098360619045058e-01
-1.045730858798407832e-02
5.647470728267746098e-01
-1.209328027371895153e+00
4.146444906909502182e-01
-7.842001481364629933e-01
-7.377226424850541475e-01
-2.541957419281128949e-01
1.678997395041940566e+00
1.002182539630542268e-01
-1.105934408193957275e+00
-5.165107032756693917e-02
1.596921807519243730e+00
3.064322034115055798e-02
4.301615908466134841e-01
6.844133735512859529e-01
-6.314498935477953490e-01
-7.207883638528151948e-01
-1.557451571251148303e-01
-1.057788484084809966e+00
9.575734481764895945e-01
1.066198524533311209e+00
-2.428648421994494822e+00
-1.576295278756306706e+00
9.425496306179794725e-01
5.332080083449388663e-01
6.541699659664040878e-01
4.351096571717191219e-01
4.295749593683358125e-02
5.186217717611604217e-01
-9.903347173758504374e-01
2.233225140978537804e-01
-4.608122193403658140e-01
-1.380201887771715374e-01
-8.928806559770726681e-01
8.946549052664239943e-01
-8.294741679830897052e-01
1.403662471370978881e-01
4.106671524003605578e-01
-5.356827462790944017e-01
-2.439487993314359837e+00
-1.952309560740463079e-01
-2.552514074982566772e+00
9.008740229037625058e-01
-4.971039135509295881e-01
-9.842833998808856455e-01
1.774915018526584065e+00
1.575878735683616361e+00
-5.089589163929896243e-01
-2.078486724151074883e-01
-4.500743191315501601e-01
-8.145575102516492416e-01
2.280971985423341675e+00
-8.215106466954328335e-01
6.502419591049003467e-01
-1.332656407645181229e+00
-8.587438062569212605e-01
-1.987247922968547742e-01
6.240736846015739747e-01
9.474845857179264863e-01
-3.578697089332476544e-01
-1.098207861908567562e+00
-3.983934720393537687e-01
8.234914378515655331e-01
-2.334601703506673065e+00
-1.025335092702961859e+00
-5.828871398047088537e-01
9.987025361993621120e-01
8.544292452563450047e-01
4.497074916542618261e-01
-8.837937414437438965e-01
1.282854847615103377e+00
6.935047141568696505e-01
-3.149074278051585130e-01
-3.169245371485048257e-01
2.404869515817806280e-01
-1.467957104519375999e+00
3.895564804410323739e-02
-2.343807135271619713e-01
-1.970092906988388792e+00
-4.256352875807645764e-01
8.718692852045774044e-01
3.861467675860140725e-01
-9.612813439377424496e-01
7.002182192503081382e-01
-4.340894746994506948e-01
-6.480819104777831852e-01
-4.080449076301281841e-01
-4.389911482940005993e-01
-2.611293580338521991e+00
-1.731054909549031295e+00
5.101070535576691656e-01
1.718390943119792735e-01
1.917180984406198496e-01
-8.667256791129163140e-01
-1.851096069020402302e-01
1.184275223637905272e+00
6.987236067689228669e-01
3.664060453588732780e-02
-3.967224595245256724e-01
-7.648728609481209029e-01
2.945604997713683337e-01
-5.947727602409419445e-01
7.330632973783686168e-01
-2.250506642988859607e+00
-8.697220806553587202e-01
-2.794495683188823187e-02
-5.287830214657301964e-01
2.347684889493041049e-01
1.026189371947845874e+00
1.395730312070052603e-01
8.121002095016272015e-01
3.196098300387409386e-01
-7.157432092118157785e-01
-3.880172366671006401e-01
5.086566462487545071e-01
7.476793558089980252e-01
-1.914218032000604974e-01
4.522211393953419756e-01
-8.269047139747080777e-02
-4.658275696787997910e-01
-6.988211222449814963e-01
-1.541216327298744249e+00
-6.261174757766581056e-01
2.366804837301518916e+00
-2.618392348127560609e-01
5.004651537282815976e-01
2.573548538004853947e-01
-9.466356117747989352e-01
-9.077266915012399684e-02
-1.374658072259949293e+00
-1.293414157988166391e+00
7.359987868790960341e-01
1.053520638470533344e+00
-1.491585112796178336e+00
-1.075249593165271689e+00
-5.405854609927365217e-01
2.333274365106941250e-01
-4.639000165429322808e-01
-3.790197461874418305e-01
1.637894808000726732e+00
-2.656842598982958048e+00
-8.568020537293765670e-01
-1.407073524732589398e+00
2.828518666555928096e-01
-3.189275805641380024e-01
5.513269865584382590e-01
6.760501574505625721e-02
-5.779001464532996374e-02
4.317538214400627461e-01
1.327931016769717143e+00
2.039681568270911016e-01
-2.448539163629757098e+00
1.871513453708679720e-01
2.148371043875059616e+00
-1.066666497478830494e-01
-2.442947434857332123e-01
-2.940114371354926939e-02
-5.034283003321136096e-01
-8.495889805259493333e-02
1.743533700294734312e-01
-1.227103648466649072e-01
-1.456963860637730812e-01
-1.027345407725745341e+00
-2.158193819010204295e-01
-1.090322770032546712e-01
-6.739312092493703332e-01
6.648036587477094139e-01
2.958969761849177815e-01
-8.663245987241040558e-01
2.050660328581851655e+00
-1.588338249178802564e-01
6.782813917930036185e-01
-5.367995885534718736e-01
-6.378728857204007952e-02
-9.697515669169521901e-01
-7.714994142598694538e-01
7.645789029059822939e-01
-8.281409053255732733e-01
-4.491457442974265413e-01
5.135341176436322153e-01
-1.486475969698758393e+00
-1.487002366722201430e+00
-1.625615982905781687e+00
1.860887254842478467e-01
5.621526311498487027e-01
-4.670339312810023458e-01
9.674685371891300623e-01
8.931554826026631977e-01
1.166787587595524478e+00
6.038562433905508842e-02
-6.758263175225659447e-01
5.401314267558280369e-01
-2.838157592398453666e-01
7.526747172987596768e-01
-7.116855120831730996e-01
3.565642278011346145e-01
5.867148163090225577e-01
-4.777688291591735137e-01
-1.036570305536102188e+00
-6.363338452978625215e-01
-5.389493534077693937e-01
-9.492839132690766846e-01
4.693134756094614890e-02
-3.408339148957016951e-01
-4.518950883724858758e-01
-1.023061571032331862e+00
2.501289304109630129e-01
2.729857949883564006e-01
1.246015247488173189e-01
1.225481119759301629e+00
-4.921230490717274919e-01
-6.036712997666874303e-01
1.188976164816862413e+00
-9.418630804876033658e-01
1.825168527794986395e-01
-3.526729246540743490e-01
-4.120276003389704567e-01
-2.914515804904719065e+00
2.078042369254383404e-01
-2.744001857103400832e-01
1.187974160306679711e-01
-1.047186202439835734e+00
9.762646006507980090e-01
6.641355338611316661e-01
-1.393965694185574922e+00
-4.252604430308793426e-01
3.082370301087407061e-01
-1.252272674833294852e+00
1.806038682741574475e-01
-3.937389171002005361e-01
6.289156828761433005e-01
3.049170358762417488e-01
-5.689551635627324577e-01
-1.081225691609921102e-01
8.302472997690915624e-02
-1.529620772969833842e-01
1.050088367509161680e+00
1.790097524816274488e+00
2.496995582828692023e-02
4.648897185005712585e-01
3.783677810407405362e-01
1.084098048457682761e+00
3.939450722226466861e-01
1.305285486253276339e+00
1.223884885510474252e+00
3.358409723383568579e-01
-1.471681667622441458e-01
-1.967231742922141979e+00
1.759918800621198820e-01
2.509065235380477099e-01
-7.021541043544134997e-01
4.023948849132804040e-01
-9.133555896248868322e-01
1.725570329173595985e+00
-1.534144170386426254e+00
-2.594375117898768957e-01
-1.741152690252276258e+00
3.287804821158376578e-01
-5.475882630532842299e-01
-1.754684828454294188e+00
8.740049639288499650e-01
-1.189703228069304730e+00
-1.236690049169007821e+00
-3.359920400208801783e-01
2.993008579891780929e+00
3.967773076585986436e-01
-5.612148130441872995e-01
-2.322750204001399477e-01
-2.179309752083439244e-01
-1.049619789592609376e+00
5.838893543330406777e-01
1.317629793051968035e+00
-2.243448569966746131e-01
1.519729340974788900e-01
-4.928793934319847803e-01
6.366070198813282843e-01
-8.627683351510050391e-01
-9.646251865022748007e-01
1.769700941195858357e-01
7.817619458516883446e-01
-7.510039946797177901e-01
1.170909432665889066e-01
4.457884537788346924e-01
2.017498061940283804e-01
-8.023530780127922091e-01
-1.192996512548663457e+00
3.729689914638349424e-01
-8.191212208729948818e-01
-1.362786353297612330e+00
-6.351355601529681261e-01
-1.016507643280833317e+00
1.349843459903171672e-01
-1.196466717704956162e+00
-7.683193961123987448e-01
-1.215617657656327788e+00
-3.794765941836580891e-01
1.983063533745423213e+00
-1.392429987782932255e+00
-6.463271185914485351e-01
-9.675324950017959447e-01
3.669271069673759600e-01
-9.218355344744987301e-01
1.484238638488729389e+00
-8.306648634426050393e-01
-9.384041551105432033e-02
-1.292746385917485696e+00
-7.385018056644651052e-01
1.177883198076318472e+00
-1.157163728896938720e-01
-8.752248421319980265e-01
-1.369310092500531484e+00
8.472064625085130585e-01
-1.844606186619994315e+00
-1.789145346643624124e-01
-3.656424404600905342e-01
-3.713990183327103289e-01
4.420603372887621334e-03
1.032172552941824639e+00
5.122306481678324808e-01
4.877545421571677364e-01
-8.380018750694527840e-01
-5.378824246783660001e-01
-1.377060591518443344e-01
8.024011191554883959e-01
3.226881735158434461e-01
-4.251433982667827682e-01
1.311506597435042831e+00
1.048610696398947217e+00
-4.073142424456634991e-01
1.284941698136285337e+00
8.995695360552539155e-01
1.895147536730644067e+00
9.411311216995105200e-01
1.708982109093765800e+00
2.827451459001731893e-01
7.049120533606674233e-01
-3.306938511527355296e-01
-3.994565262508667502e-01
6.771799833133379520e-02
8.612668049140545512e-02
2.045030472123326781e+00
2.185814251088843196e+00
5.820587051823766789e-01
1.628989584284290248e-01
-1.277822995590737865e+00
8.881063616926028192e-01
6.323649666143987824e-01
3.353869756474375796e-01
-3.267223460550094938e-01
2.495747862967310493e-01
-4.977734682633771501e-01
5.107346915248204278e-01
5.827251045366083071e-01
-1.325744168536065359e+00
1.171768998554992391e+00
9.768917873870981428e-01
3.319658953185751216e-01
5.845061899975700914e-01
-7.067687908175134259e-01
1.444627662139886803e+00
-1.085223003929935981e+00
5.542300010457130721e-01
3.141831721081407847e-01
2.200964981402972476e-01
-9.125679264063220053e-01
-1.697679242159270685e-01
1.510547632455824907e+00
-7.259146988454111549e-01
-2.366709980855210116e+00
5.323682555546689343e-01
1.576647113619455753e+00
1.115840028752209667e-01
-3.894267473565197757e-01
-4.360783092157888841e-01
-5.705131950274956454e-01
2.816811569756096367e-01
7.702217252512381096e-01
-2.668055351197332614e-01
1.040261612745344705e-01
-4.893048240354404554e-01
9.656709782418007038e-01
-8.502353357712661985e-01
6.628323071803347011e-01
-1.869915615695774691e-02
3.654920992793477819e-01
-1.156671377128704048e+00
-9.399851959338922924e-01
3.461923294630130932e-01
9.050265251553440971e-02
1.258331303163510384e+00
6.607597776386054944e-01
-3.291195234628774280e-01
8.104301357183285592e-02
3.938433248764703354e-01
-8.942420842856954044e-01
-4.541454386716451963e-01
1.381362528830207825e+00
-5.770341849142593960e-01
-7.690595579913441782e-01
-8.746862595450517475e-01
1.758244427683962607e+00
-1.849074214489056511e-01
2.229721834168095496e-01
1.204099821137973647e+00
4.178667718007509357e-01
-1.053632286120556261e+00
6.005561857509528201e-01
-8.465990115215015210e-01
-3.713555157860275457e-01
-1.279044052926593622e+00
-7.274984593822525492e-02
-5.092897300784406944e-01
-8.415453109226803674e-01
2.707939402814780738e+00
2.349550384174992956e+00
2.210990871956370341e-01
-2.536636627319492354e-01
1.002536019929620492e+00
1.584860589915755735e+00
1.851014337357847206e-01
8.763919357559594170e-01
-2.042939617787216999e+00
-4.204125051071219143e-01
1.190789457348870206e+00
-1.148775503063122205e-01
1.936826011394827685e-01
6.572984090787415967e-01
-5.780196218076615322e-01
-1.145620411095653379e+00
-1.462351014656180004e+00
8.476425861507403958e-01
-5.927605833200680907e-01
-6.959751682808689166e-01
-9.119045276208327389e-01
9.397645342651772538e-01
1.450208888833296017e+00
-2.222324673370566495e-01
-7.653637685864062012e-01
-1.170949203863850263e+00
-9.609762685164955354e-01
-3.378392869629343598e-01
-2.917941393549656759e+00
-3.847418363662047369e-01
1.597389091706812980e+00
-1.540569034682743033e-01
-7.662722141425529765e-01
-5.992231252309575540e-01
-5.330099713551667007e-02
4.126833651841523357e-03
-5.081558140847498573e-01
6.875233921302668083e-01
-1.853304078421218692e+00
4.134032914172990902e-01
-2.248365663581132878e+00
9.157531045590115992e-01
-1.281400579984514732e+00
-1.204361271308993064e+00
-1.189306499323250055e+00
-5.396212398397101095e-01
-3.233056028502951373e-01
1.233923470958828483e+00
2.675242308202325781e-01
6.785368661253253775e-01
1.662671533503309984e+00
-7.466111798360174356e-01
-1.072620308598877248e+00
2.751214385712806854e-01
3.390653348427993818e-01
-1.353178889877995950e+00
9.322864214802049077e-01
1.429943384056726163e+00
1.648628654716305653e-01
-3.890369122986271355e-01
-4.415723926587202253e-01
4.371777577806952586e-02
6.065654020409024655e-02
3.536338110254084177e-01
-1.915070806333577513e-01
2.678438941748862226e-02
-1.854705602885844962e-01
-2.032947187863119787e+00
1.579702254767902492e+00
-8.582285523098777125e-01
8.724811114169714887e-01
1.227592239672488234e-01
1.469130231016923860e+00
1.194791642758181172e-01
-7.623955026761244369e-01
1.266480001261941712e+00
-4.397331004549548394e-01
-1.136249018416088497e+00
-4.201302514572847757e-01
7.382973361786245858e-01
-6.624966461874702839e-01
1.597488537714760459e-01
3.970091868530044033e-01
2.083732247940407234e+00
2.405968914533093805e+00
-1.462383014082919153e-01
1.092863720788225468e+00
-1.611055934914179089e+00
7.534603695578474536e-01
-3.126007994655392586e-01
4.374820035890350511e-01
-5.575600089155710037e-01
-1.432712715236522882e+00
-6.595011102696753114e-02
-1.029613532428984346e+00
-6.941391138990810061e-01
-3.167107995703002943e-01
7.543132107134029596e-01
-1.137498077828691168e+00
1.242010089427096453e+00
-6.335304939364965193e-01
1.208276153397539243e+00
-1.069077714873471807e+00
1.068429946472687353e-01
-1.543592812654132951e+00
-3.513190317757679537e-01
5.872244605301666365e-01
-8.848513207454372642e-01
9.948836648898382040e-02
8.608912234677147668e-02
9.983609658726889657e-01
8.825895279185187459e-01
1.385769047965113243e+00
-8.270553831933908917e-01
-1.803777718789846940e+00
-7.374284972649718384e-01
-1.998667096373041741e+00
1.359287860401697801e+00
-1.778964657162692031e+00
-7.892283342242978339e-01
4.895795633163672195e-02
9.894698897836684548e-01
1.287105219097069764e+00
1.600267104510548544e+00
8.767455732974146487e-01
6.209839864529319575e-01
3.021825914301901062e-01
1.121959107774314957e+00
-1.138404539541366001e+00
-8.450179553923502229e-02
3.394292512579710763e-02
3.999405084621069500e-02
1.239838412687352065e+00
-3.683915762466006827e-01
-7.983452286338453829e-01
7.687788141537755804e-01
7.735368964964732807e-01
-6.119476080371801657e-02
4.354490312485437276e-01
-5.737579727396797669e-01
-8.168383671973887816e-01
-2.408785796867049522e-02
-1.132954768858816970e-02
-7.634002133909595367e-01
1.626025965100117210e+00
-1.580793417007024804e-01
-6.756701053592814032e-01
1.893606733388552898e+00
-5.455482288188278073e-01
1.212190933084477340e+00
-2.057135888175206428e+00
1.177681098056019504e+00
1.428883031147639704e+00
9.506904207066138035e-01
5.225225542292236680e-01
8.870741587360442271e-01
1.062199336273400130e+00
-6.791715559831444649e-02
2.346012046512683247e-01
5.079093818748076083e-01
2.759445918135522979e-01
2.065941701765589222e+00
-3.819297214160299325e-01
-2.019060792251598180e+00
-4.263777196855410567e-01
-6.883473149505116018e-01
1.742418154452647361e+00
2.537237376533601346e-02
5.269475444587036206e-01
7.523758311019420608e-01
9.767377708516493673e-01
2.690843972384001637e-01
-2.141332654943857092e-03
7.115224251134194544e-01
-8.177435809918828236e-01
-2.150465984361419558e+00
-2.450167213966587543e+00
1.570550476440183418e+00
3.733141455801732844e-01
2.002458676365481138e-01
7.542182096344469677e-01
4.103111516702317441e-01
1.027016662140507464e+00
-2.148522451663572586e+00
1.619451571058292683e-01
9.044121129506225154e-01
3.379076568922668722e-01
-3.480339662359607789e-01
9.415491789073027196e-01
1.364502482603309641e+00
-9.339999913975809420e-01
1.323372375670639034e+00
-1.419598938322314430e+00
-4.116535216976331957e-01
6.506237300045351057e-01
-1.088812743816593764e+00
-4.046659217962808586e-01
1.262629954150466194e+00
-7.687017010985550680e-01
-3.332127516666025246e-01
8.446980830569360554e-01
-7.991162594033122124e-01
1.703981045793943938e+00
-3.494299149430367124e-01
-1.734663722436415201e+00
-4.443496692843447171e-01
1.660679803423558559e-02
4.243219653921129209e-01
-2.111972485082128093e-02
-6.681243696774485930e-01
-4.514087859201226793e-01
-1.890558683089614833e-01
-1.839196212806852027e-01
-8.069753178252611070e-01
1.233725566920320926e-01
-1.080342551124409800e+00
-3.465253862513973382e-01
-5.332212762059444083e-02
-1.728210380557226519e-02
-9.360090122184893113e-01
8.127483896118132822e-01
-1.089600578152351007e+00
2.168380643601362789e-01
-1.785795627337282809e+00
1.118195997622917437e+00
2.015488600786790319e-01
-3.014531544557145226e-01
-7.441104055092853109e-01
2.023703017610700261e+00
3.404406424742765780e-01
-1.258045481072934235e+00
8.218736331136260453e-01
4.676611435245117687e-01
7.575452852895091516e-01
-6.702602149824428146e-01
1.492990551798800247e+00
-4.813594024762855028e-01
6.937374457827262253e-01
8.378529746203633444e-01
-1.429109629835928208e-01
5.760615402269080310e-01
1.507795246018467372e+00
-3.233796997092950876e-01
7.173730240740836539e-01
-4.068389745977581406e-01
1.471665857414552470e-01
1.098427662782152786e-01
1.900578337777874272e-01
1.012500692426345494e-01
-7.987854336582062009e-01
-3.058789969136800346e-01
1.375240697987209382e+00
7.861740865623376706e-01
-9.417188016025225261e-01
-1.706763186017645414e-02
-8.065637645253811439e-01
1.151489046904787816e-01
1.394276099348117137e+00
4.438029076699746556e-01
7.381773038125591935e-01
-6.751167238044549768e-01
8.666385319962967015e-01
-1.043224949356338360e+00
7.784394809466897991e-01
1.175652140083892405e+00
-8.115946725055795952e-01
