5.604170907898057274e-01
8.311639630168380366e-01
-2.872654529003746959e-01
-5.183003394417187160e-01
-1.895728476712308097e-01
2.459298890418889216e-01
1.179345654659121889e-01
-5.532798736444886067e-01
-1.128996196792504403e+00
-8.640361467832073927e-01
8.854180586980393564e-01
-1.373143420786065105e+00
4.684918319364777539e-01
1.150669726651576408e+00
-5.722571800461293545e-01
-4.055155868985027556e-01
-1.448148832642208728e+00
-7.232318781651092543e-01
-2.887313640643031087e-01
2.874932516620926082e-01
1.620324332504145426e+00
7.860928053433030582e-01
-7.515979869676013836e-01
-8.892493179853737661e-01
1.323621842920256197e-01
-3.230128471399050238e-01
-5.777223260340166311e-01
8.904235004808744858e-01
1.068828960136726236e+00
-8.709380860159721127e-01
-2.158328166370072632e-01
2.526897423261460052e+00
-1.856393877207713539e+00
9.708827359167753190e-01
-1.742757100577824181e+00
3.749734469173961471e-01
1.581329186172460988e+00
1.337780587555446876e-01
-4.517230618049857260e-01
1.024103786718880027e+00
5.577823460869222316e-01
1.950719602908211670e+00
-8.390784277779221867e-01
-3.557107145740637799e-01
5.350189674582012112e-01
-7.463181640336042921e-01
-1.358974967251907806e+00
1.795947987558464409e-01
5.257233301617504351e-01
1.391920335581268986e-01
4.050509385766488252e-02
-1.305554004505505572e-01
7.140943529261519762e-01
4.854977945293877384e-01
-1.854162428542094343e+00
-1.454373135328064004e+00
3.472496438040937883e-01
-2.018747112673808353e+00
-1.367615823045147616e+00
-3.239567964417343349e-03
-1.073738887666690622e-02
6.980784956529955121e-01
-2.678319635711096103e-01
-1.629593858143803531e-01
8.008736870853866430e-02
-4.692156428138541391e-01
8.942234230939701822e-01
1.044748756532015044e+00
6.072452897151156201e-03
5.185017235128429602e-01
1.800036966165875774e-01
1.465510453807820357e-01
1.978415595767115676e+00
-4.775974904865993298e-01
1.567988269172531313e+00
4.536418229755278531e-01
-9.810817242744456212e-01
7.373609496802251417e-01
2.964571393027171098e-01
-3.611450536481136120e-01
1.477822704352353078e+00
-1.400429986667737214e+00
-4.523288131593893868e-01
8.715465284323048456e-01
8.879577815488193249e-01
-8.875476851633480324e-01
-5.489125341106373401e-01
-4.075842185181971500e-02
-9.001971001994799604e-01
4.545620578025846292e-01
3.679616501134170270e-01
-1.738315785889723020e-01
-8.728865432255837886e-01
-5.804178806153428294e-01
2.547999541397292234e-01
-6.971178204886209206e-01
1.551756716420897186e+00
-1.745527922886074002e-01
6.230656999847637989e-01
-2.456809882512147325e-01
-2.037545955571994361e-01
7.573359976645956948e-01
-6.528483399291852285e-01
-3.351035570604279368e-01
9.078486260293031629e-01
-4.310841157683107938e-01
8.764030875522548225e-01
4.051776549363614865e-01
-5.899892866434802707e-01
-4.581681785494694514e-01
-4.133792882314497596e-01
-1.068244931737523773e+00
1.242495124558946618e+00
-6.079775796073521033e-01
-2.355192926859980052e+00
7.396979119521033263e-01
-4.581980521738515111e-01
2.738216782674589636e-02
5.570919904670527251e-02
1.669400274908193982e+00
-1.886148662357990613e+00
1.186055224104894723e+00
2.429766719502151062e+00
-7.942705996621981512e-01
-7.583238461708793343e-01
-4.375686638052774802e-01
8.803434327753476563e-01
3.549806827526408304e-01
-1.533266173242120445e-01
3.354885367251061457e-01
1.189844937405339031e+00
6.872115820109241380e-01
-5.112589029050649408e-02
2.570972357977699407e-01
-1.121307118348777943e+00
-1.310069129493794504e+00
-8.627052863789969744e-03
-2.396958928406367206e-01
9.507560624730041487e-01
5.334597283641366872e-01
-2.639054628747647069e+00
3.398859135978199997e-01
-7.497838769398006420e-01
1.666596082465022999e+00
2.104782072159621098e+00
-1.143879599205820163e+00
-3.584450470130887134e-01
9.969550893838942385e-02
-3.798914993051014100e-01
-7.357116763279153426e-01
-7.973638566390262028e-01
-1.061907628644743529e+00
-4.261981254925819029e-01
-4.593285550957794672e-01
1.641744774912118066e-01
-1.124324728543467433e+00
-7.505886957368246293e-01
-2.186572691961903292e+00
2.113420636420881016e-01
2.314011966706630119e+00
1.252902247465196850e-01
3.072873783714193396e-01
-1.352023007075866090e+00
3.723542283987057999e-01
6.752024721966993770e-01
2.051098252615400075e-01
4.305317479188811580e-01
-1.150876319167213890e-01
-1.763803402752727401e+00
-8.036898717765081912e-01
-1.074887328465985004e+00
-1.295663168255794251e-01
-6.816710418551198414e-01
4.262311283128016326e-01
-2.946675148891749196e-01
4.442404854865824593e-01
3.684651054328296205e-01
-2.295054620086649788e-01
-6.454261658943494240e-01
1.772401253876416949e-01
2.071265772767260316e+00
1.126633696699757659e+00
7.142801063002823803e-01
4.419977982672432248e-01
-8.692233973261387359e-01
-1.174641431221435051e+00
3.843150781856758402e-01
-5.509782587869810344e-01
1.313751049766628931e+00
2.387061149024263695e+00
-3.394356721062359306e-01
1.888728342156704709e+00
-1.845586452006425349e+00
-8.472994550295065430e-01
-7.538602703944453642e-01
4.021666445728016015e-01
5.238153975917049232e-01
1.035697653518622641e+00
-1.021299328059354361e-01
1.261449391954003463e-01
1.584402655123169135e+00
-4.134167316509540502e-01
8.720536713410727003e-01
-2.714052434073705999e-01
-3.451707964330227862e-02
-1.321282437899008455e+00
-6.305570974031644571e-01
-5.716522279626800040e-01
-2.939785180771264383e-01
2.012528758628964187e+00
1.797548547225274351e+00
4.031550568873238372e-01
-1.627231729330877563e+00
-2.849144053592901904e-01
1.896485312207672358e+00
-1.511280631020837539e+00
-7.262238289352245246e-01
7.560425169733865358e-01
1.624012393986787040e-01
-3.527852574127828822e-01
1.765114716209143397e+00
-9.932532092155764714e-01
1.286970983588715089e+00
9.784530280553327408e-02
-1.490412172451716311e+00
1.460333571671595054e+00
6.732171907098142283e-01
9.008071924838093603e-01
1.446042142915434203e+00
-2.732099402563801238e-01
-4.801435236009647944e-01
-2.011547600001710734e+00
7.565763100701167199e-01
2.728554171620201529e+00
-3.800997429088726065e-02
-6.822060011952446601e-01
-1.697059430147505599e-01
-1.066237872213213977e+00
-2.942378214612514364e-01
1.605981507957504884e-01
-5.215040514556613660e-01
8.544114917588403746e-02
2.393363515464629054e-01
-7.702456373348663954e-01
5.739857725406221078e-01
6.957720052830502766e-01
8.350073720650401654e-01
1.165402187527051492e+00
-2.456291330436359832e+00
-1.015065388553807457e+00
-7.859455704590756486e-01
5.023149412197353003e-01
5.199994729766772572e-01
-6.120209496841578778e-01
-2.247815234958085107e+00
2.149192417409234945e+00
-8.421954636665093252e-01
5.969716938894065184e-02
1.352960113687843302e-01
-4.207912123578794739e-01
2.595441513775548770e-01
-1.368284652876220475e+00
4.920329331923197769e-01
1.180845962499222246e+00
1.481265963068228109e+00
-9.421833061182866009e-01
-1.275905660841448186e-01
-2.233174759818827848e-01
7.229343571781162714e-01
-3.730781383002927387e-01
3.865141924632110593e-01
-1.949741024900464303e-02
-9.972366195830636992e-02
-2.025581420720112477e-02
1.226512195437501340e+00
-5.303590807011636654e-01
9.843113114047682966e-02
-1.606925830525410825e-01
1.570027647828383888e+00
-7.274633213686171329e-01
-6.810203215828227741e-01
1.603650643791766583e+00
-1.427499610720082801e+00
1.127629667973768068e+00
-2.160969256024010687e-01
7.357619403794577462e-01
4.239173365425721318e-01
-5.181640051579887718e-01
-1.116493862856473979e-01
-1.706325064968458483e+00
-2.414650721495195940e-01
7.430752525954478216e-01
7.678918741696841299e-02
-1.207281771858113695e+00
7.669071081493249453e-01
-1.068248474703324957e+00
-8.743664865150085896e-01
-3.326929039701480018e-01
-2.000596491439460500e+00
9.676023874341317388e-01
-1.638100799741958546e+00
-1.470221971272771766e+00
1.740267755246843739e+00
-2.164655199258777585e-01
-1.491038004628521874e+00
-1.824277070531205580e-01
5.886276506806714659e-01
-3.618495993921148624e-01
-2.175995635191881050e-01
1.265826968304073041e+00
-4.995462863867545233e-01
1.164601630183754732e+00
-1.519297220085792155e+00
3.831601405184453246e-01
2.612066220325103272e-01
-2.714549721380468572e+00
-1.259030490025187188e+00
-1.888020700137561736e+00
5.877061768632304561e-01
8.267333469613880048e-01
5.254304967588329101e-01
8.715589654579780632e-01
-8.419615642874406225e-01
7.692486323775514501e-02
5.878690933903619742e-01
1.225013762018548613e+00
8.044640816683256146e-01
-5.863564954788156314e-01
1.213536008265411054e-01
-8.320716581210110263e-01
-2.218444680902340149e+00
1.889351806240057829e+00
-1.021020527740293726e+00
-6.823815263676501208e-02
5.692658493219473481e-01
7.696509454453003274e-01
8.431604378279031753e-01
9.641709688259429978e-01
6.732727545089862708e-01
3.758213373021212500e-01
-1.370913312549548069e+00
9.907948070086070036e-01
-9.759146654903658735e-01
1.296018431660981574e-01
-2.827261074641623240e-01
-7.561364021431988824e-01
-2.880849271979794568e-01
-8.742729105813196178e-01
2.132310917185805399e-01
5.845760269165201084e-01
4.628872279093571712e-02
-1.362774092922229285e-01
-4.300885769364239386e-01
-9.062855363911653805e-02
1.529717640343203566e+00
-6.825339538834694908e-01
8.870249738243034254e-02
-1.169369915071593047e+00
-7.155510416963366538e-01
8.463725744121219918e-02
-1.609060104545310566e+00
-1.472330573155792299e+00
-6.404963145767476052e-01
-7.773739374915434874e-01
6.817327872323747373e-01
-2.318941735151359151e-01
4.461780337160506926e-01
-4.422597387781394551e-01
1.924914731056801831e-01
-2.543377092233091163e-01
-4.765986467111413272e-01
3.791770805485988327e-01
-2.757533925336949077e-01
-4.122247875705872810e-01
1.560119948623338859e-01
1.337621428173423777e+00
5.188291073893720462e-01
-1.467398966861396703e+00
4.874292816893238123e-01
1.739720440551333569e+00
-1.156113732967277707e+00
2.025348085549271704e-01
9.000410688355834354e-01
-3.605323966947008851e-01
3.128154354862827113e-01
8.860337698895337510e-02
7.686051644446938690e-03
-2.960661925503540459e-01
-5.716508731347497152e-01
7.359100675044804030e-01
-8.905590600587549865e-02
4.994875158162490614e-01
1.364062717355639665e+00
-4.203836160409025191e-01
-1.378727266410584296e+00
-4.113894087047533649e-02
-1.935306740834516148e+00
-6.460501319154386968e-01
9.400848799203982420e-01
1.114167432270622315e+00
1.467026228859002357e+00
1.820197821051163303e-02
7.101786763012620796e-01
4.989165472473558460e-01
8.000760948816516838e-02
-6.104528184202459018e-01
1.255128833331282223e+00
-1.729966528859300245e+00
1.808874769371733082e+00
-1.105928811689864455e+00
1.337790781305979948e+00
-2.720533680098769835e+00
6.138269561686575670e-01
-1.033259536511336396e+00
-6.853002712002713714e-01
-1.651740907936234126e-01
1.125460903515463351e-01
-7.175755651971096327e-01
1.282445744496991447e+00
1.112881243541906207e+00
6.466074860101543864e-01
1.356483988904945148e+00
-1.241204621456324514e-01
-4.112670340631238153e-01
-1.576889929755853403e+00
-9.384274371638703927e-02
9.769849273324709982e-01
7.691008245248581732e-01
4.346488120331371691e-02
4.621376936913563771e-01
-6.974104557257664316e-01
-1.367268326209256868e+00
5.101283541373434760e-01
7.671837069454914282e-01
4.135869213183764881e-01
9.639179227724444798e-01
-7.915960128002021978e-01
2.328457444718043667e-01
3.028038102762260486e-01
-2.311328648622345661e+00
-1.055423493575135652e+00
-1.621379614783296230e-01
-1.136754702674587447e+00
-2.166468963215908872e+00
2.943053106054342449e-01
3.495461685095054838e-01
2.774003501846605824e-01
4.327979656680768783e-01
2.526368067920822802e-01
7.408538628239941248e-01
1.043014815598002132e+00
3.833938599664009628e-01
-7.267120635088751834e-01
-1.043011855918898778e+00
2.105832035710392819e-02
-1.281337369692336636e-01
-1.354291087951378314e+00
-8.018722507826314683e-01
-4.318081045727554801e-01
-1.251827793026809132e+00
8.922547493883188352e-01
-1.373854605327590850e+00
4.090409240702221061e-02
8.351527730836337815e-01
-3.543134484372803539e-01
-5.526845308989751793e-01
2.052995138189771807e-01
1.282643333888353609e+00
-1.174927300706085198e+00
2.590921695642754985e-01
5.763202063989553148e-02
-1.432507779213476384e+00
4.382670677200693476e-01
-6.583157020033408857e-01
-4.718476404546786962e-01
1.724389364593745255e-01
-1.439122285263797207e-01
3.603046103639072628e-01
1.052224471216357538e+00
1.894617727322654710e-01
-8.999260470389177646e-01
-7.524356332014547899e-01
3.290935590173749703e-01
-1.312566368749281231e+00
-5.167152165982975554e-01
-2.106612466593666522e+00
3.556793362720115925e-01
-4.473509299397648159e-02
-4.955956311514565504e-01
1.064971410141092312e+00
-2.172479464217199063e-01
-1.854938993492710464e-01
-1.684046680565832732e-01
7.846151570449322321e-01
1.139951212092116029e+00
-9.588859882297643411e-01
5.789590114575887680e-01
-3.424100068180431777e-01
9.711753480036869890e-01
2.432564529642723961e-01
-2.214157555357065821e-02
-1.072932534609055022e+00
1.601789990390492191e+00
1.374883202191064191e+00
-4.740945764132142859e-01
-1.503466159856114537e+00
-3.094647376870373612e-01
-8.518610571130299514e-01
-3.586613993357929964e-01
5.895334850112736724e-01
-1.215462023255009516e+00
-5.796337340199532173e-01
-1.049585884912012768e+00
-1.242740642262301742e+00
3.954642529245418481e-01
7.857502999584609071e-02
-1.246918883533274514e+00
-1.360888323139360034e+00
1.008945981337523001e+00
-1.033860442089452825e+00
-5.483523463939754539e-01
-8.440605170090720311e-01
-8.589486277876985654e-02
-8.179412674700474728e-01
-2.313590562218781066e-01
-7.113905310932373827e-02
-1.464592009926914740e+00
-1.727420700647740170e-01
6.380768190901365822e-01
7.883058474356427481e-03
-1.544386226234668369e+00
-4.261215692443557357e-01
-2.424573125399526408e+00
1.615519882970832155e+00
-4.391913041642561133e-01
3.906574496329255353e-01
-1.327594855986079514e+00
8.136044164023462644e-01
2.990221973461916760e-01
7.962924765672405036e-02
-7.377734580611364779e-01
1.112836590617665378e+00
-7.256289432926509297e-01
-2.085616791178767748e+00
3.825844697669733008e-01
1.773829874998150258e+00
1.257551692781678554e+00
-2.119532550025645667e-01
-6.232972071617620680e-01
-8.632730883646888564e-01
-1.757848148766360641e+00
4.671125711053905616e-01
4.112831707905169609e-01
-5.276485562028133680e-01
-2.191217722364515175e-01
1.334374969702315283e+00
1.030182553603118389e+00
-5.000565196581268079e-01
2.572034966079322249e+00
-1.812354823260618475e-01
-4.313973088807729339e-01
9.078003029730553897e-02
2.964274833619914840e-01
-6.648122651306761499e-01
2.138994240564346061e+00
-1.391017542450500299e-01
9.687432698818102539e-01
-4.137694628227300830e-02
7.536968265923469357e-01
1.490944835889977949e+00
-1.332903555257630934e+00
-9.149761002591751957e-01
-9.264179635652229905e-01
2.970325217750574009e-01
3.545325427581449418e-01
-1.341118995270919878e-01
5.329578480726239187e-01
-5.122738086501924526e-01
1.231512023558906543e+00
-8.875880763812026286e-01
-7.363144956612557301e-01
-1.587551430168739675e+00
5.005296921695904233e-01
5.715113635666031477e-01
2.425342863366956259e+00
-4.323631801269515740e-01
2.761381477925011763e-01
-1.385492092408262987e+00
-1.732761836744847184e+00
-5.712375722134579448e-01
3.417838253288937311e-01
-4.882744660770952372e-01
3.686776597737274619e-01
1.237724860910861674e-01
-2.691594712553923019e-01
3.402708528473550875e-01
7.301814650233546811e-01
1.218758401342066700e+00
-5.128788221185357488e-01
1.056895495603115576e+00
-2.205520596400344646e-01
-2.376701313390536363e+00
-3.782489676116602695e-01
-4.526328681344370386e-01
-7.912892917815574911e-01
-6.237054678296657384e-01
-7.916919818310694801e-01
1.683816840739449927e-01
6.842675177997133151e-02
-4.291375453111879318e-02
1.445720639983773204e+00
-5.572798996739583011e-01
1.624667368858300487e-01
1.297805198832321372e-01
-3.761343224836629640e-01
6.269247054957477472e-01
9.638664214620169535e-01
1.011888632305349756e+00
-1.087490201059962081e+00
6.966545396236294430e-01
2.257139828863902534e-02
-1.671782382765397923e+00
2.482432903549369185e-01
4.158702990140581979e-01
1.175548919247612289e+00
-1.517599091175088066e-01
1.340664609020088660e+00
-3.801884762097733628e-01
8.548394033162274308e-01
3.820388399298190740e-01
-1.047015975207852695e-01
-2.017605151191327106e+00
6.149654487393879654e-01
1.824651231949301566e+00
3.793864553282494390e-01
6.103915865367111060e-01
2.547399444471906138e-01
2.749844006949246467e+00
-6.171998715265057944e-01
-2.373714725929056413e-01
-1.144776700837238786e-01
9.381497010967277950e-01
1.500294374908382466e-01
-1.072970200858776035e+00
-8.083190451523293574e-02
-3.304548657738062075e-04
-1.200400891270118287e+00
-6.072695398331793282e-01
3.806575688672184099e-01
-2.298064538119532207e-01
-8.598651077483741023e-01
-1.304101669094616556e+00
3.249088188981859027e-01
1.400364075728776914e-01
-2.773970584753794322e-01
-8.081175262935235137e-01
1.201978515222250771e-01
5.037371819348378521e-01
-6.603060474257564649e-02
5.799705731911964923e-01
-6.090363542847001543e-01
1.442819421183503703e+00
5.238245128025961206e-01
-6.414023984763009834e-01
-9.843640587039320655e-01
-4.342509501013986917e-01
1.739694563093518442e-01
1.567484730447358476e+00
4.685248714394896763e-01
1.497337401384655209e+00
5.435486037342087684e-01
3.383199237080476429e-01
-1.604445550541269139e+00
-1.328727088247901866e+00
5.863706355320597030e-01
-7.938381282752083878e-01
-1.135007823022952944e-01
8.693148599823218303e-01
-1.912646995945677386e-01
7.648300948218353934e-01
-1.293569455605986018e+00
1.357819935605372452e-01
3.066643733006271244e-01
5.956812318731447009e-01
-5.215582726793289992e-02
7.850447347493114680e-01
5.557700349750017699e-01
6.039510531250179559e-01
-3.364840774714649152e-01
-1.267117863668850708e+00
-5.868178690934847674e-01
1.604816100877091700e-01
3.384011731726115357e-01
-8.583798358192631373e-01
2.942305545892249241e-01
5.636972746352434394e-01
-6.221410857845995762e-02
-3.284601158238218410e-01
-1.269081248060239808e+00
-2.517255825930300728e-01
-5.902337756226890830e-01
-1.083936246067140896e+00
6.515355706927247192e-01
-1.658023550064553708e+00
1.096972685667753966e+00
-3.857369453290247496e-01
-7.514825598172393262e-01
4.484677906146479764e-01
2.222756156368618452e+00
-2.254270178958667215e-01
1.544510227831795979e-01
5.842129559603846667e-02
-9.520296029871451182e-01
-1.996895706482640476e+00
7.304245700796847540e-01
-3.229778376512646987e-01
-2.763737757981918342e-01
3.197701344150510883e-01
-2.279499160853240891e+00
3.366514408831136063e-01
-2.038313280443029285e-01
-9.554842882693473927e-01
-1.418592287619418801e+00
9.356919930520174455e-01
1.179617691590235801e-01
-4.847249713971932272e-01
7.865293180741869117e-01
4.961472073310672082e-01
1.217712159376595382e+00
1.038328928772831228e+00
-1.633842110005196413e-01
7.395830321035762323e-01
2.366421450777047297e-01
1.483480103653512572e+00
2.792534904215634439e-01
4.707501450675025678e-01
-5.435857530330564513e-01
-5.628179746133606942e-01
8.165298622336849554e-01
9.427894213936810486e-01
-7.715046248440700083e-01
-5.738493659958084914e-01
-1.598783785687523384e-01
2.963199674074723511e-01
9.232967464402208613e-01
6.338094734116758167e-01
-1.207798760766447765e+00
-1.339700778690584793e+00
-5.173321806348658569e-01
-7.364122720285842805e-01
2.081085342576491082e-01
-1.902766182747167800e+00
1.003898323515238555e+00
-1.108732479755647066e-01
2.062319222579229727e+00
-1.113578134098978101e+00
2.908626740730907989e-01
1.568791789082457200e+00
1.383307298632191040e+00
2.502668247718018990e-01
4.152290562197622492e-01
-1.840327229392616060e+00
1.229841381439222281e-01
1.197983893039865216e-01
1.738015834898205547e+00
-2.337227557617462814e-01
8.487460542144034115e-01
1.578972966081853224e+00
6.881464421669477582e-01
-1.736580401053001710e+00
6.957398419329875461e-01
-9.042418853876406093e-01
1.257826380475675743e+00
-1.515815959548540981e+00
2.141341961861052134e-01
1.388717446320464566e+00
7.118263660613058930e-01
-9.875644110718846680e-02
1.487746651890607508e+00
9.114588176784688134e-01
8.034882538075551750e-01
-5.884955649945038392e-01
-8.089693673266094009e-01
-2.993494085556709372e-01
9.313658286246493390e-01
-1.473089097259340230e-01
-1.055522446172811879e+00
8.625037510317170586e-01
7.360545002832888928e-01
-7.189593910761850060e-01
-1.794605984962495793e+00
1.290113375174053445e-01
-8.446596719020050825e-01
-3.362219364370816477e-01
-3.839543361355660656e-01
-1.463475549709511547e+00
7.983606086118103518e-01
1.773686052242490208e+00
-4.234216981000137880e-01
1.090382286602756379e+00
-1.896706023021755005e-01
-9.413059095234460605e-01
-9.226798072408975981e-01
-1.353603848780347008e+00
-3.279308064020754893e-02
-3.379097351815578132e-01
5.937219988777989177e-02
-7.217339686615291683e-01
-2.084183775641627878e-02
9.513184514201757924e-01
7.783050599427693284e-01
-1.772065718326001627e-01
-1.327937994780002740e+00
-2.192993548488826772e+00
-7.461520234880427704e-01
1.808742355082184394e+00
-1.246678876989663953e+00
-7.304518713017156273e-01
-1.750350132400205982e+00
1.468769069625502910e+00
-2.170494850581085711e+00
1.594046434229733356e+00
5.352789829920576725e-01
7.050441274356681332e-01
-4.564812660846718217e-01
-2.897259232173049481e-01
1.317247036567629204e+00
-6.419858743466919648e-01
-4.973517657497374955e-01
-7.000073555353498733e-01
1.229528422128877585e+00
-1.135356963363706839e+00
-1.959455457538423984e+00
1.014898064224103447e+00
1.316206719306754591e+00
-1.342896663682296321e+00
1.428752074489350710e+00
-1.686486584459238269e+00
-4.982294679097972190e-01
4.352340166220217132e-02
2.602572254095587567e-01
2.514427220817970987e+00
1.948271632988597180e+00
6.111446542063254661e-01
-8.841842335645245798e-01
-1.583713495233960988e-01
-5.577402598913910881e-01
-2.255488086860339969e-01
8.502959338160290814e-01
3.368928378903668364e-01
1.421068654154258537e+00
-5.494122155104305127e-01
8.018410349021298789e-01
5.167973364598105190e-01
-6.810265662716643575e-01
1.584673335685942597e+00
-7.737662316112559058e-01
1.953794491012021073e+00
-7.911207505951765862e-02
-2.198280631694679854e-01
-6.943736943540392836e-01
-4.135918913241273254e-01
-6.956299087045431095e-01
1.119267529224456936e+00
-1.563900532881844718e+00
1.030144670126008771e-01
-4.187417530539409571e-01
1.169341867559908321e+00
-9.711937720102176153e-02
4.748282488874156493e-01
-2.141927098358686332e-01
3.422784735827540947e-01
-1.224154448959200892e+00
-1.192299296390222585e+00
9.657086748778455076e-01
-1.870518868480156360e+00
-1.398465671063314986e+00
-1.924416095389596586e-03
-2.544418829662919102e+00
1.291497119618686629e+00
2.708672864231739474e+00
1.180033039605209666e+00
1.181607478939776135e+00
-2.059520065545641931e-01
-5.261689789650785265e-01
-8.034707544136991952e-01
8.189747908973511459e-01
-1.403704326245239220e-01
1.495266171544529232e+00
-1.364266830461760893e+00
-2.074746177527092339e+00
1.863020722656235639e+00
6.479488186567050612e-01
1.120052362891466036e+00
7.042918155087098953e-01
-2.837538741231241946e-01
9.576374024498158777e-01
-1.005102889730295601e+00
1.805606316696499070e+00
6.929534696796972593e-02
3.167112581084104428e-01
3.561443063500092099e-01
-2.110144710883504748e-01
5.084074166627328140e-01
1.065369100297975345e-02
6.319479399737466530e-01
-6.296021628724626229e-01
5.616866738335400955e-01
6.728302202648684949e-01
-1.076103040257274657e+00
-1.496241679029930438e+00
1.828168922412021669e+00
7.838419438228965141e-01
-1.048338310760976499e+00
1.081923147291707021e+00
2.430618239489200416e+00
-1.432337691126017720e-01
8.539920431424775638e-01
-1.131722458516295632e-01
5.505127836155269128e-01
-3.019833530936029686e-01
-2.013503261126073363e-01
4.785577714522105675e-01
3.789408735854377097e-01
-2.150617019748252368e+00
1.531655354816334080e+00
-4.289555947153880222e-01
-1.336150457252523460e-01
2.090135163225571580e-01
-5.103755539329212637e-02
1.012655987597876228e+00
-1.129549834456021973e+00
6.030351390415091828e-01
-5.431092710347481534e-01
-6.385510067098881803e-01
-6.262880860385900972e-01
1.808451810410378391e+00
1.474762440033111355e-01
3.376499872582000017e-01
-2.575637754113580868e+00
-2.935082403896280834e-01
2.202420620243581151e-01
3.020561554830170688e-03
-1.188008379739838638e+00
1.120175750632398382e-01
4.867581140481527791e-01
-2.125269137647887996e-01
4.218266741980295498e-01
4.933721783361816327e-01
1.241884426492105176e+00
-1.663852770194650388e+00
5.670092754797533274e-01
-1.692996819573608702e+00
-1.564672435654879568e+00
-5.414323370717325501e-01
-1.225044193004071746e-01
4.129588605962121739e-01
1.133297388526613769e+00
-4.478619259784575868e-01
-1.076439633363250437e+00
-4.335199291488996964e-01
-5.907925160316330748e-01
-8.338642746066032840e-02
1.587791939021849341e+00
-9.690620101311929746e-01
-1.478877143667018279e+00
6.871890330381830170e-01
-8.942097810366469446e-01
2.673185992918957199e-01
1.111441559098869991e+00
2.995032329876846644e-01
-5.713666866461720728e-01
1.028113600000566619e+00
4.213142343928815148e-01
-6.641451059204335206e-01
8.004802669011931160e-01
3.998930650998547831e-01
-1.698292380002024204e+00
1.613485943182580318e+00
2.503363189217078233e-01
-7.308306710086561742e-01
1.682810547833599735e-01
-1.246318637131655027e+00
2.050436491814307427e+00
1.655975014946600155e+00
1.073120986484246808e+00
-5.075477920887070393e-01
-5.228306624453247231e-01
-6.690923473517402797e-01
1.130503945903556851e+00
-8.238716482320183054e-01
-5.298256496166769969e-02
-1.709387602144837759e+00
-3.389514591841736313e-01
8.437313403807238099e-02
2.485927816322194950e+00
9.505888415276075865e-01
1.062682565240706811e+00
2.669489010351567271e-01
-6.935089806532678258e-01
