1.436033032077737248e+00
1.006725105339716597e+00
-2.858925420909204651e-01
-5.968776795934416235e-01
-1.517416232133159681e+00
7.413129009857242213e-01
1.699832575193294781e+00
2.566430476233426128e-01
1.336226594169192539e-01
-3.516458397542908121e-01
-6.916584881588904166e-01
-1.368815997517557337e+00
-5.925128651299954585e-01
-4.802896118102832901e-01
1.551033880116501062e-01
-1.300053506848922458e-01
1.539274584088334008e-01
-2.493309762884109715e-01
7.216451399049609305e-01
9.555026154511090386e-01
1.374168572164864877e+00
4.955475759828438216e-04
8.855369373981094583e-01
-1.130208904054279762e+00
-3.935915775618343271e-01
-4.541662227523834416e-01
-9.302774360923747876e-01
7.242635087829069063e-01
-8.806661266372867169e-01
-1.506816068907741668e+00
-6.101147984839431354e-02
-1.052491920897439037e+00
-1.367114526294787961e-02
1.407194695199612822e-01
3.894778456536470146e-01
1.088864767828546798e+00
1.366153695069860063e+00
2.842042772748900603e-01
-3.776357353825040009e-01
9.822538512196734573e-01
-4.176912969095011863e-02
-4.853640958941815020e-01
-5.734315128514870796e-01
6.580826418443107562e-01
-7.347760811705705830e-01
-3.405097952129416128e-01
4.639217946708929508e-01
1.364517721151878860e+00
4.455207700003840920e-01
2.172688546140559396e+00
-7.090422963879648988e-01
6.720734922765037034e-01
-1.411766329212456705e+00
-1.662349918442503016e+00
4.805675018423729572e-01
-4.308742143060055318e-01
-7.222071247352189749e-01
-5.502751341943817875e-02
1.819533778538285074e-01
2.231931555460315408e+00
9.872783516970567996e-01
2.193135338183779481e+00
1.283132364752185506e+00
5.172302413738175675e-01
-2.790071364929802566e-01
7.645849471804839759e-01
1.928141025343681481e+00
-9.002813473966445601e-01
-1.424850401444151204e+00
-5.048351583713538426e-01
4.023748225925501965e-01
-6.698388744684169449e-01
1.435449982808235658e+00
1.720612187192754605e-01
4.517759886780858825e-01
-1.527401136511442825e+00
1.270556947741325882e-01
-2.826133402006387740e-01
-6.988026562056797175e-01
-2.639465929959030135e-02
8.717142757172969825e-01
-9.440456813761283206e-01
-9.166968002556696860e-01
4.839426449573861477e-01
-7.363277625071767973e-01
-2.646649072343608688e-01
7.278459654658704370e-01
1.408683377507005341e+00
-1.056732260701484183e+00
2.150061332162363836e+00
1.128907715195128114e+00
2.809433972377173294e-01
-1.188864466884819615e+00
2.164399632584252109e-01
1.560833398773238567e+00
-6.431336844583773749e-01
-1.320965783494629342e+00
-1.360045206190485967e+00
-2.118301700467568605e+00
-1.283405959503028382e-01
-9.270274869874692847e-01
-6.914585674191137121e-01
-4.801660696781331894e-01
-6.972563500018006399e-01
2.632448396321823036e+00
9.759347744796800783e-02
-1.142567846943579601e+00
1.218615207527259825e+00
1.061304124986900854e+00
-1.611084416668034258e+00
3.725176820062046090e-01
2.571757208839516196e+00
4.144544343075040049e-01
3.593986573245080973e-02
5.887236790883035864e-01
9.680667050465162626e-01
-6.384287892110629414e-01
-8.705732507776597906e-01
1.612371665004358690e+00
-1.600859642488801970e+00
5.811378046436511263e-02
-2.161382538688631172e+00
2.028767334875451744e-01
-3.905979192200325079e-01
1.097320104077688319e+00
-7.168537530870442431e-01
1.772485023138315130e+00
-1.510623165358240816e-01
2.781666274901128388e-01
-1.018316890778628303e-01
9.439709705005294715e-01
-9.007052019726721204e-01
1.928916127277067849e+00
1.547957317627646212e-02
2.912234684997369039e-01
3.351985395716435834e-01
1.648771637784481880e+00
7.636451097170120494e-01
-1.535214435974700642e+00
-1.834966975849022353e+00
-5.958066825660741639e-01
4.922469050742174224e-01
-7.497934535180853510e-01
5.423201416923730811e-01
-4.033908246118814156e-01
4.657061310622526706e-01
-9.012841706545444698e-01
1.960210732026027358e+00
1.028383865537014330e+00
1.798646151476205102e+00
-1.887724857842822734e+00
7.816128461455056353e-01
1.636720606151354174e+00
9.149963628888297951e-01
5.961460629561619040e-01
3.621739313913655001e-01
-2.854419194552242911e-01
5.745609642819700102e-01
2.955853309365886750e-01
3.606083587461332285e-01
-9.307089904034762107e-01
-1.503327164939864957e+00
1.811192862309544960e-01
-1.166733802573338280e-01
1.243280667837984854e+00
-1.324620626795607548e+00
-6.688121261524768713e-01
1.015127190889318909e+00
1.479852735425853272e+00
2.580071013085489362e+00
2.085843443391587115e+00
8.998794963535866609e-01
3.438935434380323564e-01
4.936807670017590577e-01
-4.784561702790524063e-01
1.897548968677602810e+00
-1.347832969158548000e+00
4.471428336844469054e-01
4.732325221376949553e-01
-6.068830789670203174e-01
-1.153148380500900849e+00
4.568486448634467290e-01
-1.480539262283035118e+00
2.647889557445274322e-01
6.644388039849079552e-01
-2.625484402016993624e+00
1.761864847001004319e+00
-9.575034234339139250e-01
7.254516536474306942e-01
-1.849661606991268359e+00
-1.481943645596859982e+00
-9.923089603860544283e-01
2.555496012389081861e-01
-5.308911190278237102e-01
4.684862760130548698e-01
-1.161580796296206308e-01
1.177012457445870464e+00
4.138327150081069772e-01
5.736505322236304938e-01
-9.350618464099755833e-01
-8.437301990102209492e-01
-9.765784325308044522e-01
-1.103559451024067162e+00
-5.505148200375932221e-01
-8.624164375624194800e-01
3.451941137411188715e-02
5.358673242381797319e-01
5.554652180595874844e-01
-2.667881633952346454e-01
-1.239620189210063783e+00
-7.589443521366473488e-01
-3.919485472550280347e-01
-1.711157947444885918e+00
-1.685028892226751562e+00
1.050889698740581579e+00
8.302119401579446945e-02
-2.191042942623074197e+00
1.559163723393135248e+00
-1.619101539743648954e-01
-6.244593698395244363e-01
-5.431304865204003018e-01
3.281510388882477591e-01
8.485028878253983997e-01
4.756289774186135411e-01
1.001518237716590765e+00
5.433719145498215608e-02
-5.848055970320392705e-01
3.551330006354819768e-01
2.360421932670831932e-02
1.942696440125087465e+00
4.221053646604829845e-01
3.075760114465124831e-02
-3.020264333854944527e-01
1.909524894343135326e-01
-1.300418064647834437e-01
-1.485841489458773923e+00
-2.483903285963039859e-02
6.418029258605068010e-01
-2.290774619486455888e-01
1.432068116315128092e+00
-5.445644754533346399e-01
8.640608741021936767e-01
-1.278352959438695258e-01
-7.838549479360129579e-02
2.306591030057920100e-01
-4.221240536944506627e-01
1.567041789101468519e+00
2.089984291819218409e+00
-3.139709053795950999e-01
1.411287383493784908e+00
6.377801553323864114e-01
7.266457261812654389e-01
-4.744439090605521714e-01
4.302371833283713531e-01
-1.729187216337470856e+00
-1.005933772510722024e+00
1.337225043713987857e-02
-2.569818065871271706e+00
1.182799337292227193e+00
7.724080093274174330e-02
9.153671027378974534e-01
-3.337578813875995420e-01
-8.027523008414143568e-01
2.729971582808803809e+00
7.594650173007033711e-01
1.301176779429505714e+00
7.964775096908568441e-01
1.237568375542493548e+00
-1.159945536671464605e+00
-1.365216659214938399e-01
-2.118116522206199726e+00
1.092095828954963155e+00
5.796552730093194050e-01
1.772129402398565923e-01
-2.803720298619867546e-02
-1.084935944719627593e-01
8.452096067573079408e-01
-5.311335301074838755e-01
-2.792197860897742134e-01
1.117828679452631757e+00
8.037228039347946718e-01
5.669075379826650218e-01
-1.432883816440908120e+00
-9.175714842442687091e-01
-1.048101427671664476e+00
9.050336994330712703e-02
-4.003083742880361728e-01
1.437383891716808471e+00
6.809947798943064567e-01
1.347210463980353934e+00
-5.791108090896309735e-01
-6.980043344461995813e-01
1.049574529424375680e+00
-7.474701280128871472e-01
1.682110562360846107e+00
-1.823568953766065093e+00
-1.083469752693506649e+00
-7.472189119355773235e-01
9.647022935228855012e-01
-6.417666270060899958e-01
2.890288284918829942e-01
1.156186630718318398e+00
-7.443421914988208599e-01
-3.549553218052642900e-01
4.691068775709002492e-01
1.377831452121807354e+00
8.144537563430557237e-01
-5.980392995407248780e-01
-1.164863882120726446e+00
-1.455185436970402924e+00
8.774191431372414529e-01
1.325901439085073186e+00
1.499946443295051557e+00
1.052664952910471241e+00
9.624709648079620150e-01
-1.208166818850466617e+00
9.801576344570397392e-01
-2.604563247392015501e-01
1.470842061050350313e+00
-1.569392006631508130e+00
-2.682695415372733927e-01
7.945182182662905435e-01
-1.095532856416538969e+00
-9.517158433687644692e-02
4.034705107089895937e-01
5.171263733970929977e-01
1.898712570323130566e-01
4.857673837301057507e-01
-5.065802359073007244e-02
2.315296135991078835e-02
1.183184983765640963e+00
8.971609944476045539e-01
1.971932598961988692e+00
-9.983142193890032212e-01
-5.775856769766739562e-01
-7.340877432571364380e-01
-6.525773929321262434e-01
-4.984265806084088868e-01
1.442738578237765246e-01
7.338323586404592591e-01
1.364751458422156727e+00
-1.557627327187503186e+00
4.784586119898379120e-01
-2.409990111469919594e-01
-1.580719140198701134e-01
4.087780849540874062e-01
-5.840844132311900916e-01
2.057623243114499179e+00
1.422732729219397418e+00
1.523634934726132650e+00
9.371696397512996324e-01
4.042071823626784965e-01
5.255542649248479137e-01
-4.229526621224145577e-01
2.238317311751276129e-01
-1.337299456284627652e+00
8.637747835895556170e-01
2.522499593798611106e-01
2.486185997707498763e-01
-1.639962116677965209e+00
-6.416996041268213657e-01
2.762736870295884415e-03
2.551181045953569426e-01
-2.345158615904202382e+00
-9.722356651133468031e-01
1.637324087376310633e-01
6.447967013474779074e-01
-1.635750018105089076e-01
-1.292948722792451210e+00
1.695877057299269852e+00
-2.062572443964347246e-01
1.300978154770728867e+00
-2.117885432249687394e+00
-1.259535056213341962e-02
-1.205849869739606256e-01
1.391530928066580186e+00
2.145551996489787061e-01
-1.022374194155773464e-01
7.956494462396308531e-01
1.058623577230270785e+00
3.420364853387437010e-01
9.551786853212799189e-01
-1.200920685763499751e+00
-5.573012239848916805e-01
5.160178945108623294e-01
-1.521382147371441285e+00
-1.102486950925356535e+00
1.102477953709107394e+00
7.923390438788487922e-01
-9.822804393843805881e-01
1.138172006545412396e+00
1.431042841153784995e+00
1.003435994813714816e+00
-9.388774401535557868e-01
-5.136828952371461782e-02
-1.807099930772106067e+00
-1.452015132772050077e+00
1.206018054864414941e-02
6.858827311403681293e-01
-3.126758819007831591e-01
-1.355437181251232914e+00
-7.815623512632819958e-01
-7.034150629771017682e-01
-2.796725090017394486e-03
9.694534829166469025e-01
8.513582822665015648e-01
-1.214764430651834370e+00
3.465654531520117598e-01
3.821009627651891782e-01
1.321589376232443325e+00
-1.624586679751571228e-01
-3.567536537670319974e-01
1.041247762665811427e+00
-1.005785098458434668e+00
-4.282779120412469331e-01
4.043837920386884541e-03
1.129009158206312646e+00
-7.081133764228596528e-01
3.727767647831722320e-01
5.553638762395323170e-01
-9.772446192185935132e-01
-3.628032696000744739e-01
-4.480831228909779584e-01
-2.377536053290993101e-01
7.602282024951189099e-01
9.472359224622463325e-02
-3.913915388056590783e-01
9.786341075090542185e-01
7.711516243026436124e-01
-1.302014969074244688e-01
-9.805482354119126054e-01
-1.209764413630407542e+00
1.839519462335825403e-02
-1.734342889468105109e-01
1.111103209145679171e+00
4.200296696589471135e-01
-2.723436141437177160e-01
-9.422881646868630501e-01
4.087062194198239351e-01
-1.572578138198876818e+00
-2.062487154527709254e+00
1.447586129235751473e+00
2.855160664625416844e-01
-1.277003007059208883e+00
-3.457180355076420186e-01
-1.197619950162184921e+00
-4.215233522267896604e-01
-1.529844768951787559e+00
7.568760068476910741e-01
1.634402947216331059e+00
-2.724402229750491067e-01
1.807593278816679860e-01
2.553048255835175251e-01
1.339535432811481408e-01
1.146336188546762808e-02
1.282593421223218455e-01
-7.604900200820772227e-01
5.815223195055025940e-01
2.649385559216436148e-01
-3.237602939413061764e-01
2.310613408467276086e-01
9.547308811528755212e-01
-2.564776389382708022e-01
1.105737380409279824e+00
2.841213252934827183e-01
-1.623757567637255317e+00
1.553497526846705279e+00
-8.912286537764242400e-01
7.109669724574839700e-01
-1.477629039872022432e+00
4.105174312348962573e-01
-2.364459072852640592e-02
7.091475884789248951e-01
1.685684464236591462e-01
2.629146194312377283e-01
1.930052177942997771e+00
4.341429935562557407e-01
-5.955081692488638501e-01
-5.485661478061526486e-01
-5.958860371090289876e-01
-1.430794878401213888e+00
-1.991175720029152219e+00
-1.131956608593998492e+00
1.119304614169897905e+00
2.331526292617863927e+00
-2.618978943035891668e-02
7.004412008171438941e-01
1.153175196113008338e+00
9.634539622477833465e-01
2.569607412427090121e-01
1.370159381290691369e+00
1.481963465271176617e-01
2.423849522732685613e-01
3.328705093844760987e-01
5.188391534689396067e-01
2.867450937905488551e-01
-3.806931774056588891e-01
3.276422627237530194e-01
-8.443691641861006403e-01
-9.145419867307850170e-01
-2.673527897504772266e+00
-9.934832950874541435e-01
1.036944368308879927e+00
-6.527987409761361048e-01
2.278629554840867932e+00
-9.727497893164964715e-01
-1.117431124299229639e+00
-1.118225203905134579e+00
-8.126997385413405883e-01
-1.707265785910757838e+00
1.402212300198440342e+00
-6.393990163168691288e-01
1.065505958942069675e+00
-3.359043505752086767e-01
9.264536768256139698e-01
7.452259974148315314e-01
-2.551193575248367207e-01
-5.749892193529468898e-01
-1.252524398003780126e+00
2.038904882370427885e+00
-2.538501607405552640e+00
-1.230624289208861022e+00
8.959428658469674733e-01
-2.896056255567082127e-01
-1.587729928736980600e+00
-5.736992341914347593e-01
7.081140483001859831e-01
-8.720518362047655625e-01
-3.036125388264595548e-01
8.689485165644876830e-01
2.057862166205970678e-01
-5.419577822179642013e-01
-8.275324985822436474e-01
-1.418465530765212534e+00
3.281799095741659289e-01
3.919539521929134573e-01
6.167434650502725546e-01
2.085519415201731341e+00
4.138741136586735481e-01
7.714389045028913205e-01
3.211138685254416592e-01
-1.773726502159553631e+00
-1.832270135491623764e-01
3.400855649151101612e-01
2.527968251514795539e-01
-6.648409486820040515e-01
-1.049788667102723450e+00
2.006737496222550654e-01
-4.399344191563233641e-01
1.792800287600471720e-01
1.262297282120829811e+00
3.766680076736765304e-01
-2.045404144186202977e+00
1.383376589640303633e+00
-9.679332039987221803e-01
-1.467121166453607239e+00
-3.663683170674693623e-01
1.024527366092494729e+00
-1.032269837947527913e+00
-7.316557740846496571e-02
6.604266174093043062e-01
1.137546735214982618e+00
4.588784592630954506e-01
-4.055250943602994318e-01
-1.028061831890005662e+00
2.350161502503219424e+00
-5.664450592633925030e-01
1.007394942701509144e-01
-4.273672632567170337e-01
1.112216889867598368e+00
-1.216437922501318464e-01
7.177597461244100696e-02
1.522692655410183837e-01
6.739461840396001602e-01
1.064908542727747154e+00
9.941229878582658053e-02
-6.107369627812054835e-01
-6.116405767615281652e-01
6.980909905269319093e-01
-4.642487147438911776e-02
1.290832710574782327e+00
-1.914153633946864996e+00
-3.493377789028294100e-01
-1.121345300675672396e+00
-1.020082887896853530e+00
4.305714811870914316e-01
-9.498498423562913295e-01
8.816892133507227003e-01
7.994923947836567830e-04
3.924587262579591340e-01
1.523676457989932675e+00
2.349797251499486650e-01
-2.212081570710072373e-02
8.194080786950881379e-01
5.368319230589770896e-01
-5.654184970072412275e-01
-8.115445763130876289e-01
-1.962857920558506608e+00
7.961351675667610595e-01
8.253393436052905985e-01
8.838983755308977841e-01
-1.302492442770710607e-02
-3.619841601569565026e-01
-7.074117131841259343e-02
-5.520872778837664363e-01
-2.641474406888348336e-01
6.144550175754893706e-01
-1.842168131437839307e+00
1.837259695466822551e+00
-1.040600909558180076e+00
1.614316086618037716e+00
1.121719979175529902e+00
6.048172933247447647e-01
-8.535852117001421213e-01
1.346140756928255522e+00
-9.117769120297550267e-02
-9.908466448414209315e-01
-3.511086056352068496e-01
8.110381029972701938e-01
-2.405148318807103780e-01
1.525326888721134866e+00
1.232386549640099999e-01
-3.042242171458248157e-01
-4.782421644825817220e-01
7.089364252718020065e-01
-2.354909153375683850e+00
2.168748125581816955e-01
-1.688644138115125148e+00
-3.080806110700027856e-01
-3.869760058237927680e-01
1.362397870723535798e+00
-3.403195101289154673e-02
-1.504400388282952195e+00
1.423292809939740999e-01
-6.013888777699321064e-01
4.182238178960609454e-01
1.390444943937829914e+00
-5.579012927279035639e-01
1.918383242749830409e-01
1.484103993114333164e+00
-9.192067705850678339e-01
5.902113870962980569e-01
9.152322154213475836e-01
-1.109212514924207804e+00
3.380240995667642689e-01
4.322093244557261016e-02
6.429216665278187914e-01
1.480372078924875767e+00
1.687815782093798345e-01
-9.284434983026673693e-01
-6.212374743246318332e-01
4.455015007146885808e-01
-3.057212948198522184e-01
-5.634020783285200729e-01
-3.332393888787221203e-01
-5.702758001982343172e-01
2.824857380508161153e-01
8.826921798671287789e-01
2.377482915905133609e+00
-3.251104499317742924e-01
6.741572987245633142e-01
2.029859141093681985e-01
9.296026804555068690e-01
-7.899282588410942996e-01
-1.667804321039618065e+00
1.038015367216103879e+00
-1.162989110960685579e+00
6.281638848497567151e-01
1.921669178784552123e+00
3.230665493242970143e-01
-2.132026702060361989e-02
2.532858770373801693e+00
-9.306051219082167592e-01
2.821302271030500242e-01
6.076398603429334910e-01
1.385915357208022600e-02
2.183203355223349851e-01
-1.309245776737451239e+00
-1.562104021573688106e+00
-3.246258018474280083e-01
-3.838688857076002492e-01
-4.088683297919384896e-02
-3.261070480646721115e-01
1.586457383689898304e+00
1.384319864976004899e+00
-8.625193532775328187e-01
-1.451444991480067781e+00
9.875098428489681446e-01
1.014977774380200648e+00
1.144948694324894545e+00
2.014697810507823927e+00
-1.558176127081133955e-01
-4.922461094183737673e-01
4.917755491375575549e-01
2.662835357817034510e+00
-5.308349570229567993e-01
-5.858906184254224492e-01
-2.197903376351198812e+00
1.404315525596177228e+00
-1.316706656341630755e+00
3.216968626941529852e-01
-4.970344557384142048e-01
3.484468913704819037e-02
-1.465577180998463014e+00
3.017831762954890085e-01
1.240900640203321803e+00
8.939500867359028158e-01
-2.880485038813112575e-01
-3.273269146730694024e-01
8.298428666645497609e-01
3.747739357251532177e-01
-4.177520867248355266e-03
-1.326711034843985448e+00
1.416878304643000019e+00
5.445182172942155674e-01
4.488322894488755987e-01
-3.158918873631791358e-01
-4.654002637100421724e-01
-3.253204365084679806e-01
9.061993494621590761e-01
-1.310793425972829995e+00
4.350084974510839975e-01
-6.992765334030058844e-01
-9.032586872620387286e-01
8.335824861765663840e-01
4.675735439329893883e-01
2.154459633430020338e-01
-7.285074155898176862e-01
1.526101840582054336e+00
-5.482650653682791947e-02
-4.901000354488354027e-01
1.393252385220080658e+00
-1.310241550224345852e+00
-6.578196863121076321e-01
8.591415927752213966e-01
8.977639228473830446e-01
-1.507034242481450459e+00
1.499436806103599862e+00
9.568149215400513496e-02
5.121310658277673511e-01
-5.706157527568110899e-01
4.429108879238902174e-01
-1.190870162326896353e-01
5.850403771321081026e-01
-1.730517893451994638e-01
-2.495452791971243922e+00
-9.223853312642837921e-01
4.804987817076906698e-01
-1.550503477371100169e+00
-9.353727912117688614e-01
-5.506302611579327877e-01
-9.895280476429497707e-01
-5.525605243087442497e-01
1.293394486901192908e-01
-6.299491845397523493e-01
-1.071261556760553901e+00
-6.709995537198207849e-01
5.570616961648646726e-01
-1.204557698984322966e+00
1.231444168982350096e+00
-2.436955414884927951e+00
-2.150472556588654272e-01
-3.802979768659721649e-01
2.225587316327825305e-01
-1.258649234653907989e+00
-1.001354762764537831e+00
3.088148335253689258e-01
-3.374819226963066687e-01
-1.730125221204565689e+00
5.216624502066429248e-01
1.311912700223681449e+00
6.664008862164947367e-01
1.483895248280694967e-01
-2.651886615277047610e-01
-1.487379796560737155e+00
-3.431088753336634101e-01
1.065809077900793933e-01
6.481580571900051879e-01
1.447354113399464071e+00
2.972064729017945273e-01
1.424877843784749132e+00
-1.400279040550389542e-01
-3.573892767406174897e-01
-4.903891258811118870e-02
-1.357345600747960068e+00
-8.958231219932961953e-02
-5.536832927727218800e-01
1.798558204011820316e-01
-6.531003726489565953e-01
-1.287774128735210688e-01
9.523967624674473109e-01
-5.566036766940872793e-01
2.467712850439885752e+00
-1.701620811582202686e+00
-8.323404347800368308e-01
1.055189131238192246e+00
-1.584330350856708813e+00
1.464785383367099569e-01
-2.628673612086768543e-02
7.598451688295670969e-01
-9.177051885176376045e-01
-5.258863898941266296e-02
8.369024210861933932e-01
-8.160098157736512814e-01
3.350989341962052892e-01
-1.495975102549264246e+00
-1.638583356724923501e+00
-7.896423733540067769e-01
-9.274722381912744451e-01
-1.276733888502777359e-01
-2.496814111342087472e-01
-1.692669467178437581e-01
1.200916757082369640e-01
-3.625908314181618963e-01
-1.142194087938084746e+00
-1.282129667905181014e+00
2.407047783331292823e-01
6.390088837449747761e-01
-1.032292945320310573e-01
-7.621464172987342245e-01
-5.146378164918998799e-01
1.243062437360444639e+00
5.968012117417985651e-01
-1.380592957962489153e+00
-1.359448124123100676e+00
1.276300956898449357e+00
1.696163265646399632e+00
1.600831855238657730e-01
2.073238801652008134e-01
-7.554500144685722951e-01
-1.502674146079823858e+00
-2.814139559498888277e-01
-9.535363356279001612e-02
-2.271159682541988023e-01
2.670720922987949164e-01
5.341486868212731026e-02
-1.739778524785979164e+00
1.399758957994885256e+00
-9.603765186608967941e-01
-1.711522108022538180e-01
1.772044664899019129e+00
8.336111044799634495e-01
1.894562199510926026e-01
-8.162661344444621658e-01
-2.126580259926898808e+00
1.177268157845563046e+00
5.531279477157804436e-01
1.083262312356556289e-01
8.444574178762210837e-01
5.054430223927419696e-01
-3.758019205816650610e-01
1.333510292572812395e+00
1.237981965537748169e-01
1.268971339486057115e+00
8.681082157032388169e-01
-1.192210854100982376e+00
-8.564648079796223223e-01
-1.545728936044896140e-02
7.442544851929310257e-01
7.123924188648148581e-01
4.298310552203217783e-01
1.802336184641569750e+00
-3.508214362710183609e-01
-6.682670041328989119e-02
-9.813557278985164389e-01
5.947702081613852609e-01
1.525081859477315449e+00
1.774225284075986009e+00
3.433331289634021788e-01
1.169544974991207908e+00
-8.204631562257385102e-01
-2.644381297348313842e-01
5.029972969761944412e-01
-6.170194038662321079e-01
-6.153945309314958756e-01
8.860153574030674162e-02
-1.114199717075237572e+00
-4.350769138714774553e-01
1.007397353943674689e+00
4.886513602478502749e-01
1.020000185732499315e-01
-9.402987406360834299e-01
1.177578667819396241e+00
-1.291829672294060982e+00
-8.577864478927301750e-01
-5.609580660209878555e-01
5.464274246546551028e-01
6.309154214410118700e-01
-3.934481283529661089e-01
1.037703782581580692e+00
-3.135897496925250105e-01
-7.821569316778820280e-01
1.066813967138754427e+00
1.913986103322536381e-01
-8.642376873170729557e-01
-1.004848206593197180e+00
-1.161551072418619990e+00
9.386397244808165619e-01
-7.835640466513325852e-02
-6.028861003141505748e-01
-1.810260403114438477e+00
6.999337150478621705e-01
1.023397082402702996e+00
-6.485007929303850949e-01
-5.595226117663454346e-01
1.059701316712837071e+00
5.203790520457254321e-01
-1.912158043664081430e-01
-8.354506927783664216e-02
2.026170746054531402e-01
2.559289218854221004e-01
-6.206070319770281563e-01
-2.206927763894475536e+00
-9.522305922510596599e-01
4.872210774934612187e-01
-1.798645576963435744e+00
4.676143611936011690e-01
1.928623306878361809e+00
1.224574734719895641e+00
6.710707720402664389e-01
4.585364624392540001e-01
1.065630096449127207e+00
1.220842875429642316e+00
1.135183715398714765e+00
-4.056531032048968366e-01
-9.515345674578502555e-01
1.921497560085194400e-01
-2.650545993864139027e-01
-9.784355343862213283e-01
-1.635680128004621814e+00
5.241297948238474863e-02
3.236876884457157710e-01
-1.522207522859380324e+00
4.238392784952701303e-02
3.757745711658120880e-01
-2.545586788264117661e+00
1.288755741568018864e+00
-1.674060023963149346e+00
5.119474237199839184e-01
-2.607815475298351782e-01
-8.542722130678196413e-01
1.400340643165297161e+00
6.516343848308652209e-01
1.450455924969780597e+00
7.130772742282680543e-01
-3.149995552700597945e-01
1.472983314761072249e+00
-1.425047874594625563e+00
-3.718092749581135281e-02
-2.525442417971104359e-01
-8.514227232772456633e-01
-1.822229786105397986e+00
3.587781234308903833e-01
7.962128499995502207e-02
4.600834584167990404e-01
2.632615753405363468e-01
-1.396042108934982817e+00
-1.917410135436006247e+00
1.427291005179268102e-01
2.719200292766200455e+00
1.060295795727712320e-01
-1.944627512306741357e-01
-1.330363638317522690e-01
1.119671157346983970e+00
-9.225303697703860495e-01
6.701444090293805500e-01
-3.967973750573201841e-02
-4.533117134631652889e-01
2.208256571305312055e-01
-2.713281628432075432e-01
-1.378498519346295081e-01
3.194853614859790025e-01
-9.703293765920237846e-01
2.274490046864988679e-01
7.745110257866506531e-01
-4.897122912596872379e-01
1.517199841836676555e+00
-4.182036609721804798e-01
-8.326690707642767086e-02
-2.958594830004305787e-01
3.548965666960989807e-01
-5.917726152468220091e-01
3.186209801897723071e-01
1.681789131685900163e+00
-2.717979318659959898e+00
8.665490502560114772e-01
4.676632253122771643e-01
-2.689430342136318597e-01
6.209335540880691617e-01
1.911519999250969937e+00
1.514233363473579841e+00
2.016124562247549434e+00
4.992441616701277785e-02
-6.696801952626622034e-01
1.593345352090148381e+00
7.701533153721950020e-01
4.952104256426834161e-01
-1.638023943090901380e+00
2.113585069485240664e-01
-9.518846318249611915e-01
