1.367167398768829534e+00
-1.466650119400997321e+00
-7.086430702842938523e-01
5.898640777679902136e-01
5.421276413776511260e-01
-4.555046106122164207e-01
1.527536151967381073e-01
7.669623560180544031e-02
1.194169622976937628e+00
-1.896361931279927637e-01
1.215697281903359350e+00
1.553216701859496007e+00
7.781052983366351650e-02
-2.940155119969053987e-01
-8.824765587948765755e-02
-3.097631279169254515e-01
-5.658763028059952127e-01
-7.578673253790331188e-01
1.271116041898677995e+00
-4.552392672436563203e-01
-1.365010068200160243e+00
3.959296663285178375e-01
6.393619907218168336e-03
8.815168112653866406e-02
-7.007960282959114773e-01
-4.075964160938007064e-01
6.808692693030237164e-01
8.600154585961673481e-01
3.340532534926601849e-01
3.259748754155463168e-01
-6.102310548541208801e-01
-4.516162298085410476e-01
-5.002913152399606211e-01
-5.620692097845138013e-01
5.383682475348435803e-01
-1.114156441767977929e-01
1.512540406625334954e+00
-1.514128939253426731e+00
-5.903585562067258791e-02
-1.141763008148093839e+00
-7.313502241261840009e-01
7.629998370015942388e-01
-2.026266389788435596e-01
-6.472786334693397814e-02
-7.788427738875698392e-01
1.199197424540152213e+00
5.578306330198080643e-01
-8.327745647311274313e-01
9.792763906375039351e-01
1.418948822955593103e+00
2.159823341739475211e-01
-1.650573784811934175e+00
6.858031489930442592e-02
-7.262808539664675767e-01
2.152854235552891515e-01
-1.115953535412194775e+00
1.111550921798326874e-01
2.588589500287296619e-01
1.022899207315177694e+00
5.851642005304910077e-01
-7.726234977005198568e-01
-7.877015778056973838e-01
9.046995056801911961e-01
1.622468292346274321e+00
1.172058166059240625e+00
1.160489435224213231e-03
-1.670306288178109222e+00
1.331571652647303150e-01
1.017844722993047180e+00
1.263858066664616198e+00
1.028578761182160406e+00
4.137444718919565667e-01
-3.230910391720068220e-01
1.267404514681299332e+00
1.580207152033359819e+00
-1.035166579796787702e-02
-7.836879570748264134e-01
7.542180395676144622e-01
1.902786044302225976e-01
-6.809084520924117978e-01
1.873850254838103524e+00
2.607511729054254879e+00
2.364819319738483916e+00
-5.542861390851674397e-01
2.292255236396751328e-01
2.778281225093722773e-01
6.260028375989857841e-01
-7.081384555979209905e-01
-9.589289384228412150e-01
4.806328316689446600e-01
1.055602872355853261e+00
-9.936675516633142191e-01
-1.835642932300512314e-02
-2.677574084210436745e-01
9.199777120280628884e-01
-9.295773958883971622e-01
9.358741697790670111e-01
4.185834973119449964e-01
-1.855740672137366820e+00
-1.484108609080298180e+00
5.812668640711754486e-01
1.004204566966158785e+00
-3.826823152500268277e-01
1.141802719458658992e-04
-1.618379589510693384e+00
-7.295780204850846329e-03
-9.555463905791929946e-01
-2.011226228429819241e+00
9.650070516729089554e-02
-1.041387886076671106e-02
5.024177393099263922e-01
-7.778052632830136925e-01
2.147865666097981130e+00
1.200977351799148440e+00
1.050842739853421692e+00
-1.413911790512568933e-01
-4.033133394274450723e-01
1.554739280304786586e+00
4.060588244382817291e-01
7.150644365432722027e-02
2.162689537205779999e-01
-7.161974504218178161e-01
-2.074745864325431288e+00
-1.720074885758395844e+00
1.006086689255820399e-01
-2.650690709214525431e-01
-5.804051508184810970e-01
1.143528418579015993e+00
-9.504544603884551579e-02
1.941393954664787092e-01
-5.293510798576764875e-01
-1.094844937167629428e-01
1.254295907030939405e+00
-3.111595732022917615e-01
3.835280623786962440e-01
2.558088783071856387e+00
3.641703323748116672e-01
5.925112901507374047e-02
-1.327173025934873962e+00
1.298784266963511347e-01
-8.878912071942045570e-01
1.089727699744145184e+00
-1.326558903491116714e+00
-6.696620148588345867e-01
6.889563305551561490e-01
-5.462103591277676085e-01
7.585840791897917601e-01
-1.407350109680050920e+00
1.389670479836559558e+00
4.917135944334191655e-01
-1.472844000787213448e+00
7.696825129124842402e-01
1.083922272627018790e+00
-5.824197334896599187e-01
-1.086570170543981612e-01
-5.502711678701457387e-01
-1.219129979806919506e+00
-3.330774062633863608e-02
-8.211681696601963454e-01
1.810166428710832776e+00
5.786387023874876023e-01
1.073030560766806474e+00
-9.883382703179653950e-01
-1.530768747031932664e+00
9.503333783989027506e-01
3.372061240109742175e-01
-2.631880872651189973e-01
-6.395504578410463603e-01
1.498617021372733227e+00
7.142740982868513999e-01
6.524807138090514824e-01
8.433691118413523258e-01
-1.155541094050535511e+00
-6.238382769928854099e-01
-1.178563263494287305e+00
4.105282987414163864e-01
6.129212722323035267e-01
-3.547849119436887085e-03
-3.314265981861529431e-01
-1.825865034503693529e+00
1.226424428625634500e+00
1.640114839160494720e+00
-1.438151731776048659e-01
7.181778392881916773e-01
6.625896805467844652e-01
-3.094597512273284390e-01
-1.581068992158697339e+00
2.287719554344717077e-01
-2.523525892882607202e+00
-2.267622387563371866e+00
-1.441258991383541632e+00
-1.390336517043524012e+00
8.354963721013125566e-02
-1.142703885557297544e-01
-9.126156521826226387e-01
6.242777943084988346e-01
-1.702225700598445080e-01
-5.068625889133483442e-01
-8.420048970458297866e-02
8.747770860351710143e-01
-9.731107474567231019e-01
-1.297327515527552377e-01
6.675384336802469010e-01
1.052602400091016799e+00
3.862286400362719557e-02
-3.139754664876087120e-01
-2.492503518657060102e+00
-8.472984114582274850e-01
8.280341123860379682e-01
-6.349061031959572776e-02
6.342384782439228208e-02
-7.027345196479641842e-01
6.798923177779640781e-02
-8.164104841517144662e-01
-1.026888734170355200e+00
8.734498020841989785e-01
1.085674938528930822e+00
1.899894974790973912e+00
3.228286597800281849e-02
-1.877667782748014824e-01
1.051308948023804701e+00
-7.033967603853991113e-02
-1.629387389968802058e+00
1.613079755722650610e+00
-3.351967571246249888e-01
9.806661576528585833e-01
7.136325396575197988e-02
3.269127009785216531e-01
-5.610602523632283178e-01
-2.158932711776627780e-02
-6.123641744545831322e-01
-5.507994009758163667e-01
1.495929311032877518e+00
-1.434258636121122921e+00
5.748418526275591578e-01
8.709498051816298714e-02
5.984831450125356334e-01
-1.859937378398303975e+00
-1.540741104936256711e+00
7.529847861440561729e-01
-6.022957787245546424e-01
-4.046793705368074145e-01
-5.374300446460062997e-01
4.139727284921263517e-01
-1.255599872419050911e+00
8.962929584033670904e-01
4.405063319543880973e-02
1.396864493120832280e-02
6.680657049129072877e-01
1.842739355756663588e+00
1.933162555391255699e+00
-1.600154030760574164e+00
1.729660505648827451e+00
-4.614444502046458618e-01
3.264246694009108052e-01
9.555508030057952018e-02
-1.274552050686328375e+00
1.503310640622905536e+00
-1.154170865904881715e+00
1.257759287890402256e+00
-1.807311481055539348e-01
-2.297846897915764575e-01
3.123178202480129603e-02
8.822083874405108883e-01
2.585309859344994132e-01
-1.502698468917504013e-02
2.988092553422903586e-01
7.116548285178788680e-01
8.788528089878137051e-01
-1.337102333403641596e+00
1.654542107328591083e+00
2.084153646909765456e-01
1.220476852822042879e+00
-4.175831001678159127e-01
1.977664579006060741e+00
1.891013460553143899e+00
-2.816497524732699403e-02
5.116820892136063614e-01
1.831467161566820989e-01
1.366307469150097875e-01
-5.319707941749908242e-01
-3.099707585485090844e-01
-1.537143690419075504e-01
7.313423992989781519e-01
2.701004866624390210e-01
5.247356367664085530e-02
6.620585198789632475e-01
-1.002215210907286158e+00
-1.190293115305734561e+00
-4.947173115729538995e-01
-4.517386639248514857e-02
-1.363131010410480792e+00
-6.480447303157855776e-01
-7.636223051205309753e-01
-2.334244507459048990e-01
2.178931401928347000e+00
2.189908620585910182e+00
1.117204359523497059e+00
-1.286014759227121607e+00
1.043964561175835026e+00
5.708989532883403939e-01
8.032626154909185967e-01
2.216277722747668488e-01
-1.090909619649720330e+00
-1.398604166336940624e+00
-1.622561275447992557e+00
6.253783183279195690e-01
1.221015411854591060e+00
6.527816021604252450e-01
1.023422983063065006e+00
1.771675495893169971e+00
4.258564203017646266e-01
7.585121966247563297e-01
-5.926911761911448501e-02
-9.493274448961435130e-01
1.371702802053599735e+00
2.587938728066013994e+00
-4.946348566666064483e-01
-5.523606018002163998e-01
-6.111182441152309686e-01
-1.287870142446257138e-01
-6.207248419907602371e-02
-1.842306984078396215e-01
3.010165627903904073e-01
2.348223507429522405e-01
1.735960271868112637e+00
1.904704124543397104e+00
1.586597935845263097e+00
1.283695458289188851e+00
-9.015788296429476656e-01
-1.712026440268893390e+00
-1.051638325133664315e-01
3.257346317978913053e-01
8.605110961437753003e-01
1.213800231172761368e+00
8.140991092270617457e-01
7.661181545605578735e-01
-1.040083592027762238e+00
-1.489419827201668989e-01
2.007677788121619677e+00
-2.625012909795639351e-02
-9.861993923697690567e-01
-1.589075749466636878e-01
-4.687979439336216747e-01
-1.319390274646760730e+00
-1.094658002285372689e+00
-2.562099118259253960e-01
-6.929684836000528370e-02
3.446537258274540716e-01
1.251083566943784531e+00
-1.532583571759555063e+00
-1.432294518460958566e+00
-8.091591843853743748e-01
4.700212575098488554e-01
1.049561050449211996e-01
1.148207520166231399e+00
1.512115069281894542e+00
-2.086726090796198640e+00
-3.013148208886788360e-01
-4.547480457383174315e-03
-1.074363909242473047e+00
-1.544561317220521368e-01
-8.734952041442031190e-01
2.218080140186568516e-01
8.222645564140187435e-01
-1.996654795459906095e+00
-1.606479914309714596e+00
-4.787316115598754807e-01
-1.628957093226957031e-02
-2.609558046150592947e-01
-2.081094568371589570e+00
8.646147054441811752e-01
-1.122922481423679342e+00
-1.131434022164857112e+00
3.457913621502448631e-01
6.680231419918225555e-01
-8.181970088375092320e-01
-5.987184285746236512e-01
1.169229229223883726e+00
1.745189840501958800e+00
-8.418037977121943793e-01
-1.431381858711916200e-01
-6.449469791040863820e-01
5.135744822426080436e-01
-1.079043310878226691e+00
-4.782347225427162618e-01
6.424596278506709834e-02
2.357374514501926477e-01
4.766197727508141857e-01
1.766409559187476219e-01
-9.226236969042322933e-01
1.535880181761062113e+00
1.130256884568048736e+00
-8.743455749493357632e-02
-4.365572795430983782e-02
8.078121833781269912e-01
8.682765341079147214e-01
1.462597336310349272e+00
4.165188318278433277e-01
9.999824639615508826e-01
-4.202455114386263180e-01
-1.660928536003298539e-01
8.103759591835069109e-01
-5.400509032625947642e-02
2.645065586341027730e-02
-5.221426080994927554e-01
6.983008226409526120e-01
-7.057426811548941359e-01
9.660308750692444546e-01
1.204257817850693746e+00
4.023336016490510203e-01
-1.194104052714395348e-01
1.163592383380346540e+00
-2.172193677028604608e-01
2.479205663093816958e-01
8.640172502086261863e-01
1.468644989047429017e-01
1.096809964033578361e-01
1.386014340697360736e-01
-6.430237789739962073e-01
8.104451239014121011e-01
-9.299537160035943606e-02
-8.522841185051367452e-01
-6.387535151223855401e-01
1.311591673968539817e+00
-1.031706238556318184e-01
-3.218058964896098884e-01
-1.588425364021252839e-01
1.277457788603497457e+00
-8.944858894140033101e-01
-3.413143688582294666e-01
5.710096549009275879e-01
-3.814078286120558062e-03
-9.368841555717086766e-01
6.243574778217396426e-02
-2.541935335196709556e+00
5.748855019462451033e-01
-1.903366980485594828e+00
8.076658494587454218e-01
-1.908640267130035983e+00
7.491729821401964529e-01
2.151719658526433765e+00
4.502631315275380450e-03
-7.123130223615657952e-01
-1.165599094801015756e+00
-4.353985004784384771e-01
2.954715878680930774e-01
-5.429143528802241603e-01
1.585539084093605042e-02
8.472947025314898906e-02
1.953997246939898957e+00
-6.971695317646425805e-01
1.478505493051677666e+00
1.102650251805580156e-01
1.437778285943701155e-02
-2.329218330850013896e-01
-9.773405693838378427e-01
-3.834790331821473219e-01
-1.497994282301473357e+00
-4.693363324074028009e-01
4.392389444842424995e-01
8.671722808004618255e-01
-1.261323746136624013e+00
-1.589598632055862604e+00
6.434363189381819836e-01
2.432812486162156188e-02
-1.643774754151279938e+00
-6.040589433446172940e-01
-3.960776215546887302e-01
-8.090752994001099152e-01
-7.331794598960639231e-01
-1.274546909286891960e+00
-2.555645394386036329e-01
-2.459077122850693353e+00
5.253157155311312110e-01
2.776585241333704435e-01
1.034383213478597519e+00
1.468604072688494966e-01
2.786311771397603221e-01
-4.981681847084937914e-02
2.148003435896272961e+00
2.799942954852222554e-01
-7.095172459589836889e-01
-1.000421606177546718e-01
1.828252414241454127e-01
8.228886314288571535e-01
7.418003189109212414e-01
7.076147608925551502e-01
4.662781260442861453e-01
2.747758126591676731e-01
-3.027313403220897037e-01
-4.565970862687420695e-01
1.284785796947746528e+00
1.378124847095062888e+00
-1.886809672924606440e+00
-1.757087963087099469e-01
-4.601270446515742796e-01
3.490338739757333220e-01
-5.343018071175944517e-01
-5.417371592628267285e-02
7.680950704189338785e-01
-1.045396913424588625e+00
8.897550602427881650e-01
-9.616794141749251956e-01
-9.253219794542595356e-01
4.417706448371309658e-01
1.306707284869750740e+00
1.064264314328221550e+00
-7.155943818817468438e-01
1.445416531951687344e-01
-4.374875727385194590e-01
8.957903549085634021e-01
-1.393518167589001377e+00
-1.247030009988767674e+00
-8.976305741000584204e-01
-8.263650169996292760e-01
-2.728037146707277816e-01
-8.601418136379254120e-01
9.650209805724953016e-01
8.421157140454373913e-01
-2.840013865198821041e-01
1.473635640988759932e-01
-1.003078777090853135e+00
1.575969203513528580e-02
6.019228903349310711e-01
7.910786520774080177e-01
6.029429874047969040e-01
-8.960704836383444061e-01
-1.852921053459681000e-01
-1.730228861481988289e-01
1.232661672626341520e+00
2.008361678228197889e+00
-4.307635971470821223e-01
-1.038428978557052185e-01
5.669620858644666139e-01
5.570654251605338114e-01
5.308207328375275091e-01
6.317501236239535523e-01
9.137116141130762204e-01
4.832651414064361717e-01
-8.830868643632329151e-01
-4.284468309275529796e-02
5.768065323848854398e-01
-8.096883909069562124e-01
4.384277707685972914e-01
7.463858144974043762e-01
-5.387954207139439289e-01
-3.883540126460810482e-01
-1.608839762287845865e+00
1.326733964216810113e+00
-2.458140156797462561e-01
-1.350093193297179806e+00
5.427355750687388181e-01
-1.493558221745528991e-01
-1.812442648841217918e-01
-4.799236599979713191e-01
-8.354782737660106096e-02
-3.162504442302488172e+00
6.357923149926930639e-01
2.266856920199374625e-01
1.807351454549502301e-01
-1.089519302714714311e+00
1.998830292028914268e+00
-1.339437423952113848e+00
4.478175860001856190e-01
-1.368230650293176698e+00
-6.609070985958119815e-01
-1.772859496841463267e+00
7.617836964664759236e-01
-2.037840945692640737e+00
-5.167337663564509215e-02
1.375006838628454631e+00
-7.894253605325975975e-01
-8.733960098023796359e-01
8.371736528144521072e-01
-9.325126071312885012e-02
7.843036268773410091e-01
5.758567279643247439e-01
8.157157686436442567e-01
5.182678022598583567e-01
7.530007328490145868e-01
-1.013084549390764089e+00
1.754424767883121961e+00
-1.242804812143559534e+00
7.936898358239127260e-01
-4.644220884911285513e-02
6.068506521627728412e-02
5.384499472099569806e-01
-2.603434623200720499e-01
-1.629926947265907478e+00
7.596650435072850593e-02
-1.539587198727752293e+00
-3.679871507217215565e-01
5.975071866923902242e-01
5.901811918040744676e-01
-1.233922232361940180e-01
-8.082627871737450842e-02
-4.900189121002662684e-02
-1.980002246710458991e+00
-7.429747942939634031e-01
-1.287810257664846247e+00
-4.630187680139445372e-01
-2.425621153352991222e+00
-2.861857573871762553e-02
1.294366343580117817e-01
3.761128711481174780e-01
-8.284682211394708840e-02
4.162775688260016982e-01
1.271469438171856536e+00
-8.703741270178132483e-01
9.977522957812207105e-01
-7.038221966210225222e-01
4.189373261691236583e-01
-2.723946000951070201e-01
-9.371605402774051408e-01
-6.980400051680786255e-01
-2.155058846281236729e-01
7.518536936558960493e-01
-1.256906378038329386e+00
-6.362226417595044925e-01
-4.384010086139387280e-02
-1.199521925389710253e+00
8.191821175701657909e-02
1.952026481966263383e+00
-2.605157628718599017e-01
-8.188824501212971230e-02
-2.607385686919918566e-01
-2.149463609284554710e+00
1.541998494291226152e+00
-1.375198190639468077e-01
-3.014357470611163659e-01
6.924573865991202615e-01
-8.630295815477958543e-01
-2.038649979130163492e-01
2.900765880499222571e-01
1.087515174344711788e+00
9.740821588752109905e-01
3.260640659429267507e-01
-1.005193850639020337e+00
-1.140058186990990707e+00
-6.905732258174164251e-01
5.088738864005860618e-01
2.973631838295783258e-01
-1.804266117919195000e+00
1.572438710546844032e+00
-9.035891516590766059e-01
-1.572206705509281155e-01
-8.412639666386219073e-01
-4.572422095192852920e-01
-5.853680535806647933e-01
3.590222316308276373e-01
2.331403738828096428e-01
7.066618965147276610e-01
5.106045437535869543e-03
8.021329437222234349e-01
6.235740420574220622e-01
1.452825750746223665e+00
-2.743466744333732388e-01
-8.894240659812694405e-01
2.413542282215932921e+00
-7.355975220743402598e-01
6.852268630834863761e-02
-1.338701921582243215e-01
1.752245713158183449e+00
2.292563177015756182e-01
9.191532307378121047e-02
-4.593584959771588871e-01
-6.758363854700570605e-02
8.452638489343784756e-02
1.458278385121849208e-01
-1.234294404063223174e-02
1.730069085217106339e-01
-3.166994408334038169e-02
6.782681281806340889e-01
1.132385855383315931e+00
-2.912577082862087274e-01
9.230925044936555413e-01
2.397550233833731781e-01
1.528106907094402667e+00
1.011120322875867172e+00
4.016479518231686613e-03
1.132680688138789415e+00
-3.653833690657437572e-01
1.125444343937533676e+00
1.704431047918259390e+00
1.747433901251608246e+00
3.598800074120557801e-01
-2.597156474930146786e-01
-1.599966926966966685e-01
-5.127347483362294511e-01
-5.927402669022682202e-01
1.308999384101714014e+00
6.792698747415859550e-01
-3.598874493101923977e-01
1.928788768183425928e-01
1.422994312876841860e-01
-2.200480533458414878e-01
1.233039311244521707e+00
-4.206707033281391617e-01
-4.842909839142947037e-01
-8.871005035039654096e-01
6.790190316552054128e-02
4.286359001215842013e-02
6.978955524342322914e-01
-8.614528230026856637e-01
-3.081022492446834349e-01
6.777344331688126867e-03
-1.816722509216049275e+00
9.126078461612290027e-02
-9.733243476566324492e-01
1.312083833592063431e-01
8.427333177418327992e-01
4.654767442230204333e-01
-3.741355896806479175e-01
-4.628083582621278502e-01
-1.448349958623535105e+00
1.555633546241506515e+00
-3.734905838281036838e-01
1.719235544823641826e+00
-3.728434692546465645e-01
1.338256899907586783e+00
4.568329559465867939e-01
-7.221343557778114874e-01
-1.089751960475339176e-01
1.279702847357808926e+00
1.183711542475695877e+00
1.081826832246942233e-01
6.788852563115115035e-02
9.742064663503563482e-01
-1.085882046842818971e+00
1.014930688673070652e-01
-4.248790819085581094e-01
-2.402563791304137830e-01
-2.399673619602941954e-01
6.822798603985923416e-01
4.142633430200246547e-01
-3.540278783671715890e-01
-1.491166125544923088e-02
1.012657214177492104e+00
2.775021085566287682e-01
-1.039045650052903280e-01
6.344938081298313604e-01
4.658156273417405346e-01
5.654018167314734944e-01
6.768774281636922956e-03
-1.464165784072062326e+00
-9.101504177126747142e-02
9.253941660772196931e-01
-1.691087676055373690e+00
1.055913206462484988e+00
-5.199994480098300009e-01
-1.476291012155859228e+00
5.885601717955428469e-02
-2.336905178523603077e-01
-5.608219438517115796e-01
1.523139972204450743e+00
9.638778072090689042e-01
-1.231394187468048074e+00
-1.055430312862069453e+00
1.129550216661969531e+00
-1.430097155506125262e+00
-6.040928696972100997e-01
-2.074265323420276252e-01
-2.001963243075602361e-01
-1.319383417090778110e+00
3.801678016918900727e-01
3.856984384709836178e-01
-7.956289172096420170e-02
4.194807735884645283e-01
9.818363911878571493e-01
-1.827040893217260598e+00
-8.863890287814762958e-01
1.459635356366181025e+00
1.258351290281846113e+00
-7.631222399275948698e-01
1.666067330107964928e+00
-7.188371061311165100e-01
-2.352360955255994868e-01
-8.902831633418868407e-01
-5.017150476645530072e-02
7.564693394410879068e-02
1.086345500609163794e+00
-1.598582109372435500e+00
4.765891211840674879e-01
-8.998836221646037137e-01
5.296601421443896118e-01
8.455652080016669014e-01
1.321072451186616759e+00
-3.248216494866398296e-01
-1.378584814297509689e-02
-5.967458188104249883e-01
1.669769172296179938e-01
-4.693776581641921353e-01
2.132625883913263215e-02
7.082645387174086871e-01
2.681757677281917385e-01
6.245728839590005688e-01
-6.676467795956539941e-01
6.916972115414075084e-01
8.052350411056555801e-01
-3.472825813270527529e-01
4.594823770010271757e-01
1.205199013234700800e+00
8.110411269952015889e-01
-1.206714084135787207e-01
-2.396291921153581583e-01
6.988886119287895937e-01
-2.701688591865719635e-01
4.916165637819593925e-01
-1.323435457117377034e-01
6.976614010556577705e-01
-6.182881372103132822e-01
-1.161841041726605184e+00
-7.882893717560474078e-01
-2.705369057029501922e-01
1.050589476085498797e+00
-4.652671749698426007e-01
-6.883059000961110341e-01
1.295782850074090886e+00
-4.097064849634816930e-02
-3.555855947639677828e-01
5.312245662270901336e-01
-6.660453589845856115e-01
5.138452083523702418e-01
-6.420101231054142765e-01
8.522657733762309951e-01
3.606795937168236765e-01
1.086271988946938993e+00
-1.858081829810120711e+00
1.300280321349133628e+00
-6.549991077062548017e-01
-8.097106553585687871e-01
1.451089059326512221e+00
-8.452068617372019421e-01
1.609221501589580550e+00
1.173005196654560711e+00
1.111507239781366119e+00
9.765161040874402731e-01
9.005685363847706348e-01
8.226194769748215174e-01
1.508547494158420266e+00
-4.619732908673914173e-01
-2.697786287810816086e-01
-1.359837167916247092e+00
-1.985046966909858268e+00
3.807903323148954799e-02
-2.684933496852459633e-01
8.357220975013455178e-01
2.492135330850361985e+00
-1.460332154106504521e-01
-4.920802376529773148e-01
-2.070154113664941231e-01
9.673639124566791869e-01
5.908803918080185458e-01
3.899034819421953180e-01
5.162253812272161735e-01
-3.211332937773392904e-01
-5.342062652830917857e-01
-1.093899627738482483e+00
-7.270374282788930054e-02
-1.295690955480987672e+00
-1.013493425641393886e+00
-1.108746961557477873e+00
-1.496640400228447521e-01
1.067220780367964306e+00
-8.474270460375492586e-01
-8.102009316638210112e-01
-6.727176562703143237e-01
6.571461002270300167e-01
3.064362325400826759e-01
6.638336950124146263e-01
-1.030952640005156296e+00
2.282136395085605229e-01
5.212777191828857903e-01
1.294036247612121437e+00
8.450042813380831408e-02
-1.585316061288325473e+00
-3.102835735356304636e-01
5.085059140264410749e-01
1.149625273142563797e-01
-2.088616501335176234e-01
3.236629145123017248e-01
-1.890205552404021772e-01
-1.482528680243041241e-01
4.568147308410659413e-01
-6.115704259515736263e-01
-1.211854382028605182e+00
-2.142244607918215304e-01
3.400969663970440093e-01
8.062511913158182386e-02
-3.907833146652702205e-01
-1.155068825437542301e+00
-4.082591875710087082e-01
-2.838167063890010056e+00
-8.032769030107764219e-02
-9.977615595766304857e-01
-7.679943157706907719e-01
-4.720739591652168832e-01
5.699282041701652091e-01
9.159161833388060892e-01
8.942953908580146827e-01
-1.835840660672069413e+00
2.417561595972272659e-01
6.195861453651817508e-01
1.006083138702739577e+00
-4.192409428015826389e-01
-3.991256045410634390e-01
1.408247990730945309e+00
-3.963136727243750657e-01
1.388845086058818623e+00
2.207879381490605170e-02
8.634859054555664715e-01
7.684630051406496909e-01
9.094748494486406543e-01
-2.007912760574328825e-01
6.776611136732366703e-01
1.394149263989249654e+00
2.316274417966050214e-01
2.050935563977977216e-01
-3.062769343086369500e-01
6.976150736594968205e-01
-8.247768280881493386e-01
5.130226129267404511e-01
-4.428266641584989172e-01
-1.642912998500653809e-01
7.626621909080651962e-01
2.867930577557833982e-01
-1.860448068183271575e+00
-1.758753570798345045e+00
8.256096978555275134e-01
1.704551998555505543e+00
-2.235388660673911509e+00
8.854561415114639011e-01
8.871172452382892759e-01
1.125461609699508481e+00
-3.272359727767947812e-01
-7.192937572607253915e-02
-4.877029767720367781e-01
-1.092448066078574698e+00
7.721350235842681098e-01
2.889245367430366696e-02
-1.039829176716017933e+00
-8.787923481471044962e-01
-1.630550888314540869e-01
-3.292219077967571961e-01
-5.298093645305627236e-02
6.465686265602462734e-01
7.174909055191323048e-01
1.896457316638411550e+00
4.383053336240263359e-02
1.141323913318587069e+00
1.046255107581005372e+00
-1.263011083455846562e+00
1.229692327893818993e+00
-1.467092596443443808e+00
-3.724317925993863437e-02
6.123100687300352396e-01
1.265854299924434601e-01
7.483181001341880911e-01
-5.227888648845592234e-01
2.301054780943332101e-01
2.743055490174924893e-01
1.844892160667245193e-02
8.247286030659451983e-01
1.882249115296424635e-01
2.064031895604955036e+00
2.939244090040898927e-01
-7.898257535855348621e-01
1.494416708304604213e-01
1.018339359637054464e+00
-6.190429643737030974e-01
-1.598421347151396943e-01
1.377052613180447915e+00
2.047176318472915924e+00
-8.468475436619454788e-01
-2.178418303478288354e-01
1.989608592294133532e-02
1.103769721235058565e+00
1.610394843633674855e-01
-1.594212690971070323e+00
4.981179333796521835e-02
1.975699312264179719e-01
1.696018018625271129e+00
9.517974723656816849e-01
7.266995644491081041e-01
7.421699830452878066e-01
5.435211552477690056e-01
1.807862857708776028e-01
3.706545871222389765e-01
-1.223901006590428553e+00
-7.213688682796481899e-01
-1.013687488225889055e+00
1.860538190730626429e+00
1.132165940502126086e-02
-1.186951839665628894e+00
-1.419035964630308344e+00
-5.477199203804486993e-01
1.278837381572667464e+00
-4.410185867331602450e-01
-1.788884033718125099e+00
