-7.834976191329799944e-01
-4.648235740403227623e-01
-1.850379871400973153e+00
-4.594437987986068617e-01
-2.564344314500178190e-01
3.993868809581330725e-01
4.444069588156907002e-03
1.479886099435730129e+00
-1.049006440712355381e+00
9.936542459812000572e-02
-1.225581279664286205e+00
-5.188281194865430601e-01
-9.602530455910711638e-01
5.774792647666667778e-01
9.080095858311302282e-01
9.314285610039757524e-01
-6.708319709109882290e-01
-1.712054587826666419e+00
-1.907967484688960214e-01
-1.476535459871032741e+00
7.703886007730444963e-01
-3.725069023057015483e-01
4.741968798474979208e-01
9.927051990941512249e-01
-6.286096858931490283e-01
-1.003268693162765679e+00
-4.556046636368216163e-01
-1.512645471544150411e+00
3.654415293234690720e-01
-1.030769282629540484e+00
1.846699698655741850e-01
8.059513886338821598e-01
5.239115531092695122e-01
-1.740630432001931016e+00
9.806113888745224827e-01
6.833166552050560227e-01
-5.210950595039739452e-01
3.653519895699978148e-01
6.217984182697076090e-01
-1.826121489712904999e+00
4.568225402461293383e-01
3.216035907579760100e-01
-2.287481433177862289e-01
-6.077727826974980152e-01
1.377508820465191408e-01
-1.683512426589029776e+00
8.027389822701119781e-01
-6.263476025971103089e-01
-1.048873751666933751e+00
-7.547093393914153792e-01
-8.390381487571252350e-01
8.646937262896754461e-01
8.147090647736808799e-01
-2.763273012179057186e-01
-1.286684448109245704e-01
-1.707994885336469870e-01
6.027184147329784913e-01
-2.305095824202566812e-01
-6.329738789302717938e-01
-9.026999845579125603e-01
-1.271441155807057966e+00
-1.031262789913529598e+00
1.042132757509822927e+00
-9.138411031581595845e-01
7.762298615189949791e-01
7.046199125915707240e-02
1.186762246719223368e+00
6.667400263191739507e-01
1.360498456784503762e+00
7.225099866053145137e-01
-4.130572826626928706e-01
1.857532080078541981e+00
1.773774805016982425e-01
-6.968886273219535576e-01
1.229735638850820933e+00
3.261161565397626472e+00
1.883417261842351975e-01
5.680795603655458548e-01
5.541629305607795875e-01
1.949015593222255260e-01
5.890960087030464587e-01
-5.889435644361579181e-01
-1.170394549906091264e+00
8.740350163241223935e-01
-1.145980385543738267e+00
1.599164034707002857e+00
-3.916710101361670637e-01
-7.761398815464481959e-01
-2.268732945311738858e-01
-1.323735515993669787e-01
8.312790767012218085e-01
9.310931067918718496e-01
-3.697601344083217279e-01
-7.433098201477736922e-01
-7.298979232442829312e-01
-1.308945061754301697e+00
-1.526914301254949979e+00
-1.756501464222814279e+00
-6.884588384171061448e-02
2.027106813148521258e+00
2.954154947818163457e+00
1.185436310022997874e+00
-4.360066965354089663e-02
-1.155761227507753786e+00
1.477695976730552196e+00
-2.386090471029495674e+00
1.269992507507150536e+00
-1.594742500167815491e+00
1.343745483071863589e+00
-3.594879358070443565e-01
-7.137551409835238836e-01
9.424337367498178963e-01
3.399536447280049889e-01
1.434098334335142944e-01
-4.345205265908723691e-01
1.101804249133493840e+00
-1.434213141500756183e+00
-4.829288261718286956e-01
-1.876062599884457394e-01
1.234614273128180201e-01
-4.703117430372794061e-02
3.035321950412468994e-01
1.063719031807367710e+00
1.195435722819849111e+00
1.613630698846890477e+00
7.466947201463689510e-01
3.155208128832203140e-01
-1.993748959318043523e+00
-5.683583421167646144e-01
-9.192566938179158598e-01
-1.568689020069253370e+00
-1.158704380561254910e+00
-6.912702265408681157e-01
3.263926559826606510e-01
-1.354521089483103458e+00
-4.225407865441003219e-01
-8.130208789113582135e-01
-6.785013846271165106e-01
5.141138070268429505e-01
-1.113390614842288517e+00
3.334631897296131409e-01
2.234420934610789333e-01
-4.952626152106077151e-01
9.993233829695191694e-01
-4.562402356424384298e-01
8.855184786335269509e-01
-8.520453846447898494e-01
-2.430528872702685250e-01
1.987985447413637141e-01
-7.760595251410902229e-01
2.535341397754695136e-01
-3.881294814865193787e-01
4.949341620141681775e-01
1.511094989213114248e+00
1.264844643708951111e+00
1.079776517397189828e+00
5.119408201131115943e-01
-9.193489127343492662e-01
-1.435939497343075022e+00
-3.993165679580037986e-01
4.310988318848931189e-01
-6.548248272428370820e-01
-2.237324313079376292e+00
9.706625073932142467e-01
7.318862985835167256e-01
-9.359780784354352345e-01
-7.326167212187413291e-01
1.945101749384861911e+00
9.546405845848513483e-01
-8.597640368397773125e-01
5.394681071227852565e-01
1.337299465152510802e-01
-3.096616104412287795e-02
-2.112124630819388837e+00
4.348634856372072394e-02
-4.039045341220476537e+00
-9.664743759281813063e-01
3.064187423584792125e+00
-2.407064660089998365e-01
-1.498081790076770226e+00
2.878412380199094622e-01
3.918263148470237101e-02
4.151145402676483243e-01
-1.103563640767468435e-01
-2.578120986657794766e-01
4.349932129114743584e-01
-9.843518187578619294e-01
-2.414070133474167934e-01
-8.518818879328935445e-01
-1.137745551196790661e+00
-1.077026263534495376e+00
3.935588243054751606e-02
2.344276054630002548e+00
1.111401901521132052e+00
-9.425056319351186040e-01
1.169250419162255694e+00
1.112930385510058073e-01
-3.207540874960448929e-01
-1.363668678797409217e-01
2.816278778913542391e-01
2.159697510321074709e+00
5.908057617572428644e-01
1.015255920651943145e+00
1.978057155439933990e-01
-1.121463594609676928e+00
-1.588482143117479151e+00
1.853564522992247277e+00
3.753196513103468912e-01
-4.394657577630133871e-01
1.222205929145643077e+00
1.455963991752045050e+00
1.829845747880527673e+00
5.746675755947303621e-01
-5.083538230677917547e-01
-1.877621065924498511e+00
-3.216174203072134641e-01
-3.147851026178766776e-01
-9.961257109612029481e-01
-9.356964753818927116e-01
-1.605426976224393065e-01
-3.311198547367404793e-02
-6.391811699063567609e-01
7.637423960831656311e-01
4.441334298305947836e-01
-2.012042799187087283e+00
1.405937629740977579e-01
7.292878079870586117e-01
-1.235510551644209309e+00
9.157242286863500613e-01
2.259106352268244855e+00
-8.260436297667904659e-01
-1.553966704220272055e-01
1.341962203513715979e+00
-7.267321430951119154e-01
1.066000044205766217e+00
9.105007939154696750e-02
-2.638119009798964298e-01
-6.626356024692308111e-01
6.617539454695861023e-01
1.042031431165314714e+00
-5.289800924063652321e-01
4.358587218311095191e-01
8.304192965018809547e-01
1.188385870205777239e+00
7.024190611256780903e-01
-6.297473074342671007e-01
1.047645955986729882e-01
1.251259633064726318e+00
-1.965134625497426124e-01
-5.395820825440590385e-01
5.712330386109835123e-01
2.144104766787447713e-01
-1.823875626529411487e-01
-9.935294296487154342e-02
-3.343082137582614743e-01
-1.728983910206035590e+00
3.549877253029091184e-01
-8.191458627976198059e-01
7.264337802984346393e-01
-9.938183091535883473e-02
1.863240101236999902e+00
1.066681603457969724e-01
-1.324027702785054661e+00
1.149005892784150218e+00
8.763587236401544356e-01
-1.147283989463021348e+00
7.526817393810560919e-01
1.193585232865035595e+00
-4.222695527434884855e-01
6.960393939463789259e-01
-1.980740435155085022e+00
1.260698265168448406e+00
1.096337562951297917e+00
8.315677370205953878e-02
8.897857813781192560e-01
4.812020717307161632e-01
-1.738107953957578555e+00
-1.477525027532182733e+00
-2.721707167041648168e-01
-5.096372314413374349e-01
-2.345229490125000926e-01
-1.352679068007994534e+00
-1.881846340193021216e+00
-9.347592389179744110e-01
9.834588100485492923e-01
-6.726585840706279518e-01
6.906644151733398740e-01
-6.161479877868880628e-01
1.355896885958015385e+00
3.619560888070080806e-01
-1.834320344504067613e-01
1.070742647581006124e-01
-1.744473878541092482e+00
-1.509437482338115366e+00
8.764693728600513323e-01
-3.925883957239009736e-01
5.842929968867798252e-01
-3.306739854008435842e-01
-9.086763952782669351e-01
-1.485315027426789003e+00
-9.460864602446119598e-01
5.202788139441122395e-01
1.100834813757950226e+00
-5.197407911205004227e-01
-4.850864134189433186e-01
-7.674999844231238377e-01
-7.916725616497606310e-01
-4.240030700573118039e-01
1.247204485324899137e+00
-1.063877535538650720e+00
1.942881759152323140e-01
1.005281446861793437e+00
-1.568616066106905071e+00
-7.616933243192336445e-01
-7.060130188171118704e-01
-5.183357866973058448e-01
-7.533810106699420084e-01
1.156450670903471645e+00
1.131963581732485569e+00
-5.558481437846783946e-01
1.148321056889517022e+00
9.447576359602060103e-01
1.044369219977233088e-01
2.618140511498082690e-01
-3.075148348453580760e-01
1.030960024947227133e-01
3.502242780786649634e-01
-4.812153513102427893e-01
9.373622245679955611e-01
2.238719757761058471e-01
1.036809826579278698e-01
7.266500538830411582e-02
-1.459718265760699962e+00
-5.125987699716755275e-01
1.128072256808726026e+00
-1.015728985322897238e+00
-6.102406901945506279e-01
1.398097069790427971e-01
-2.519466404391352832e-01
-1.093525313522898945e-01
-5.119232751690715871e-02
-1.998815909667200907e+00
-6.414685860693064567e-01
9.196887786366024775e-01
-1.035297092207044134e+00
9.432093587710684846e-01
-1.327379268648089861e+00
1.608054611841186921e+00
2.353650776418123591e-01
-2.516542947616259157e-02
6.082725913449353594e-02
7.747423011595443165e-02
-1.031564926392689596e-01
4.723225870358340600e-02
-5.895982451952771486e-01
-1.072337819569928685e+00
-4.928644296009244280e-02
-1.630474398995486851e+00
-3.940045302277506711e-01
-1.803336339942495162e-02
-1.754330817963768219e+00
9.312759140229314170e-01
-4.721215724148344339e-01
8.231737728104945861e-02
1.810099735066934112e+00
-2.051310628314518159e+00
-1.088539793446917925e-01
4.352407781808697446e-02
9.029370688657216704e-01
1.200225585574718895e-01
1.096261049090277551e+00
-6.619618297281331110e-01
2.049069082257421126e+00
2.349562018829609578e-01
1.387440437941649674e-01
-9.471230383721344070e-01
1.219602956078220224e+00
1.231940057635521946e+00
3.505815765516548943e-01
-1.272932080736015159e+00
2.627123743548839818e-01
-1.736119491755649946e+00
-3.531960033972967872e-01
2.810598218436804796e+00
-1.121009684150721109e+00
-7.239837474532715422e-01
-1.475339667879691730e+00
9.028384567925294979e-01
1.420297271283648133e-01
-7.299713790204892527e-02
-9.427028451813665999e-01
-6.437099641042702824e-01
-6.435661714484759433e-01
-4.889324730392652363e-01
3.801728771062324319e-01
1.516321885893063603e+00
-1.005711323407637442e-01
3.176296296005704650e-02
1.594838732696997941e+00
5.452170647261108671e-01
1.632639852046247508e+00
8.158736292076270713e-01
-1.261955260911580501e+00
-1.663057674853280210e-01
-1.461403084409079955e+00
1.196938890457190263e+00
6.368815902253058825e-01
2.686743777316166412e-02
1.086392702397736443e+00
-2.193854500404265884e-02
-2.587069996977623965e-01
8.047904881666537724e-01
5.614420774184891716e-01
1.266183253350771531e+00
-7.996443288511940750e-01
-1.258887919360641483e+00
8.388839928435615212e-01
-6.141065216815632111e-01
-2.151699008107302857e-01
1.941427347402499039e-03
-1.810983390694354656e+00
1.754145550833603462e+00
-5.700530315079418292e-02
-3.722531772447885967e-02
-9.028135642310928244e-01
2.493964902561107977e-01
7.987694603264021698e-01
1.561004436831580147e-02
3.372719710522663616e-01
-1.489246535974673158e+00
6.458711849134348704e-01
-6.882636198488790713e-01
5.063118234212108382e-01
-1.218385876701995940e+00
3.738029676570057969e-02
-1.194337829228912629e+00
-1.363023629223623301e+00
-6.431406336698034520e-01
-4.200492533542615758e-02
-3.102549135836397687e-01
-1.122292194328301740e+00
-8.116793076561170661e-01
-2.826426581600395282e-01
-1.243030634427795489e+00
-7.111069242997583584e-02
-9.746686376751273473e-01
-5.471834702158963060e-01
5.245074804846089345e-01
-7.102291616009794861e-01
4.680940199286301451e-01
1.625929647266213030e+00
7.626293469340126308e-01
4.628901194810162989e-02
-1.033276358257426558e-01
-1.413926387805579388e-01
-1.935730580791232613e+00
-1.795665472930007001e+00
-1.241110973944671514e+00
-1.048310516486641586e-01
7.791114927497974074e-01
-4.945866878395532851e-01
4.657928017651331021e-01
-4.958705924489450467e-01
9.504415803412070707e-01
3.571966224139075385e-01
-1.362128473754147917e+00
1.133606658794039657e+00
-2.785573933811140157e-01
-1.542633995310468187e+00
1.159814119011858935e+00
1.324655392578528490e+00
-9.097202661389079958e-01
7.581725094645305196e-01
-2.284376451231032445e-01
6.349030947998436369e-01
-3.284364178644785803e-01
2.794303539178147666e+00
-1.413941297983378531e+00
-6.727792690888405591e-01
4.485240674953240858e-01
-1.805266942485614479e+00
5.820402467959310266e-01
5.752620432874119283e-01
6.034543488439603198e-01
-1.095881601697664243e+00
6.819897383840105576e-01
-1.683011773032406788e-01
-4.408738814735794209e-01
2.395584732132195749e-01
-1.353924280650466327e+00
5.564720894839849663e-01
-9.524230867811085410e-01
8.360146754542430170e-01
-1.559761716571223811e-01
-2.357644762477378197e+00
1.429609107700426929e+00
4.512438427930881568e-01
-1.840330380851771919e+00
-1.013681502429260695e+00
2.434207272387632626e-01
-5.210649702246183956e-01
1.058045489643772319e+00
7.633434099610431067e-02
-9.778889687298323308e-01
-8.241499843718073093e-01
-8.447285771263015608e-01
-1.294770485509580515e+00
-4.341063281295779452e-01
1.986876209303240604e+00
-1.516255032070260134e+00
-2.160246163465299324e-02
1.485008042346819934e+00
-9.925261985119865349e-01
-1.215248955709550938e+00
3.792336041862214291e-01
2.056069136280467280e+00
6.915317775761029018e-03
-9.692573665704395935e-02
2.017053843576780692e-01
8.505367496062732346e-01
-6.215850535048402653e-02
5.085665497128629697e-01
-2.573146739845302289e-01
6.933404752549593431e-02
-5.815533888085682168e-01
1.720976546584182532e-01
-5.958123234284222747e-01
3.374864932201832035e-01
1.024141022326371830e+00
2.535305469969520789e-02
3.099117375333853008e+00
7.067945202517512682e-01
-3.579008334289446314e-01
-9.999249644663321668e-01
1.033394882834111739e+00
-1.059360284727248747e+00
-4.055111585320919088e-01
-3.433711657628121805e-01
-7.183656605803809825e-01
3.673810569307176671e-02
6.202243947359418336e-02
1.662121823508287521e+00
7.475338178477280993e-01
3.768048842853336522e-01
-1.056903049726284349e+00
-1.197026364259864639e+00
-3.914957122729302852e-01
6.625616448329507691e-01
2.822466393822126385e+00
-1.629163288338439652e-01
-2.799775096544239728e-01
-8.541375836805499278e-01
6.712936044053693929e-02
-2.014545500076034834e+00
-5.687045017461941354e-01
-4.368484420811780122e-01
-1.625762462564656285e+00
-2.671881903662382540e-01
-5.356586606444250220e-01
2.130916014789394353e-01
6.425648904583276533e-01
5.133882420640385469e-01
8.315587822700827303e-01
9.532500705086472959e-01
2.342303816937613359e+00
-1.836314802595886642e+00
-1.647044408706247465e+00
2.009940540421939037e+00
-1.696189423818934783e+00
-6.218987983906909545e-01
-9.203238311072547972e-01
-8.006343615651754231e-01
-1.873579470358568630e-02
2.601568015743636053e-01
-2.221237887897306584e-01
-1.635849497292140020e+00
-3.171542929536081412e-01
2.334402406779714223e-01
-3.621388100537727972e-01
4.662146084959156722e-01
1.236240222696902480e+00
1.550998508433095946e+00
9.377311968855863711e-01
5.502130597438061876e-01
1.902983015293167046e+00
2.534258743415926940e-01
-1.270841821479785194e+00
8.235132570351938464e-01
-3.603979809274712176e-01
1.395108653819458810e+00
6.920424375385714200e-01
7.376205904086293730e-01
2.180588488395764357e-01
8.698647370147963853e-01
1.525820993661254121e+00
-1.741814266832735436e+00
3.322645125943335387e-01
5.967048726921048152e-01
1.679955098181274087e+00
6.740584362551825803e-01
6.703347893619368003e-01
-4.675071729358138972e-01
-7.827386192887647587e-01
-2.445523639332169985e-01
-1.469514502021670665e+00
-6.734407416700650961e-02
3.240217892258659416e-01
8.586085648283379168e-01
-6.817379481855695422e-01
-2.126394471203546299e+00
-2.066166355833284562e+00
-1.209956816942922675e+00
-5.726974789537763177e-01
-2.017472766088061142e+00
-1.459356057874252155e+00
1.268948615604900354e+00
-2.124265728467437331e+00
6.261879597588212443e-01
7.832117073903821503e-01
-1.528785242942223843e-01
8.239466339454356580e-01
-8.108286622887665995e-01
-5.868332202433375056e-01
1.073679085606546346e+00
-3.082491666102455952e-01
6.774034193036646556e-01
1.496614608564194038e+00
6.143776922459368572e-01
-5.904832775199059247e-01
-1.964745082078105942e-01
-2.837200429485935427e-01
1.096433738457569751e+00
1.479106900315578788e+00
-1.495026899985947011e-01
2.113148203152041216e+00
3.648470936603092629e-01
1.491330023102186431e+00
-1.669595034788792898e+00
-4.346945299091106163e-01
-1.376747937304745095e+00
1.380955163583875989e-01
2.821403499697269779e-01
-3.306408077338270357e-01
9.539463718564612504e-01
-4.650816789847262989e-01
-7.156219492432355223e-01
-7.353087607149986216e-01
-2.201259830096443437e+00
-1.612641650348338507e+00
-1.874474964177851088e+00
4.049763211183831091e-01
-6.083158358195031035e-01
9.437313970079080905e-01
-4.217516251590539555e-01
-5.054906311076486913e-01
-7.831007130456104637e-01
-1.311706016636963179e+00
2.584431608865387808e+00
-2.379046843282046908e-01
-1.338323937082385617e+00
-2.311450685966359497e+00
-1.052101563711110188e+00
-3.082365591305716995e-02
-1.365890389459881345e-02
9.609398978565808491e-01
7.173443366671773402e-01
-9.544381862966024865e-01
-1.642694643271188859e+00
9.223748430465520398e-01
3.380627971942678500e-01
-1.145812009538546006e+00
1.460145709795745539e+00
-1.869594705389668210e+00
-4.355830386078747840e-01
-8.674661232667570110e-02
-6.302055714880245851e-01
-5.166591232983044346e-01
8.211016286389194452e-01
-3.955996923359657580e-01
-1.088079031200754665e+00
-9.767510747705839824e-01
2.554358477074100686e-01
-1.452401888071798819e+00
-4.498497132224015815e-01
4.204297971629272213e-01
-1.916956579380786341e+00
-4.682105534048332518e-01
1.876363924258331428e+00
-4.790260392850087534e-01
3.805446925156539817e-01
-5.783429333171528075e-01
5.748398632286529919e-01
-7.001000410162895315e-01
-1.688551204631013158e+00
1.229688799124966314e+00
7.952437068436850609e-01
-4.746893588544748854e-01
3.235556900742377895e-01
4.152513192816664755e-01
1.014856798962029849e+00
5.536053867762864567e-01
2.300298718649151641e-01
-7.533879175019790597e-02
-1.070698745998394541e+00
-8.323572653989732562e-01
7.903121997523845366e-01
-1.401901291767169377e+00
-5.672462065436367773e-01
6.382848881977063460e-01
1.013508798075489076e-01
-3.113448696093439327e-01
-8.153232383699406949e-01
-3.394583536780235722e-01
2.505263662805793934e-01
4.540915629283927002e-01
-2.061792736781329072e-01
-1.293600480003928910e+00
-4.437385614468709050e-01
9.763655961652986104e-01
-4.462492754925402316e-01
-1.397589181470471065e-01
-9.529217160634723127e-01
7.182002416879628148e-01
1.093171781516560692e+00
1.618103556331153547e-01
3.559993119112128679e-01
3.514159994494983064e-01
-9.569603868707453609e-01
1.842713075447131310e-01
2.057740497315336370e+00
-2.284341055016159971e-01
-1.007286606054970557e+00
-1.729561758901729529e-01
8.442138399218528377e-01
-6.178927642810434495e-01
1.107484952671556888e+00
6.000610607001097829e-01
-9.026815111774955103e-01
4.707083100186013058e-01
7.393662534635916384e-01
-7.849997749145041226e-01
9.789116546850639144e-01
3.692001910372420537e-01
9.913920636553322230e-02
-6.450912125118101192e-01
1.436412469868376451e+00
-9.024169661334319192e-01
8.852337170670753208e-01
5.280269905648991013e-01
-2.570961552969414088e-01
-3.540577791286442788e-01
1.131767120121819070e-01
-1.286690305688284811e-02
-1.271665541497633223e+00
3.322636648381274704e-01
7.835024433743690286e-01
-1.166377943489859959e-01
-7.603367671477797574e-01
-9.315783008379846519e-01
-9.415902334077742575e-01
3.392765265144793152e-01
-1.011334325585658167e+00
1.791729714534621820e+00
-8.145927717648751565e-02
1.475283297444890840e+00
3.591031713847200324e-01
2.451831321140684583e+00
-1.519979062486342736e+00
1.383033411281721969e+00
-1.236786417951252492e-01
-1.330569331825499080e-01
6.932449085485047346e-01
-1.468247516649177742e+00
1.746618179958243644e+00
-7.289353060975269916e-01
8.544766287630258805e-01
-8.380196276260087895e-01
-1.563640010239047973e+00
1.513780139580091777e-01
-2.072100138546394188e+00
2.205928218100448035e-01
6.863515084354323559e-01
-6.298270863805212061e-01
1.780465435919286410e+00
6.172094869416064888e-01
-2.860897672939287095e-01
-8.348202158083434243e-01
8.944667060886737353e-01
1.204986601662960899e+00
-1.375795147924655959e+00
2.794493228202216129e-01
-1.426628219330343894e+00
-8.763841227296449710e-02
-1.609071954436143426e-01
2.615905129229612491e+00
-4.139509749660120197e-01
-2.121111070904473817e+00
-1.826265399566437075e+00
1.287280199933043656e+00
1.118794846640186913e+00
1.184847505720583311e-01
7.666833739948113458e-01
-9.129329635194108894e-01
1.644527919548069705e-01
-1.301931397652550948e-01
2.436326159567391292e-01
4.345528298348285690e-01
-9.390751018093662639e-02
-5.170488724306800954e-01
1.146729064458848812e+00
1.890973236788302758e+00
4.030925554191640281e-02
8.297611901919554889e-01
-8.965719099554490812e-02
1.645064302273518519e+00
1.079733020909970476e+00
5.399141264548124042e-01
-1.008315224699997570e+00
-1.388665597061045975e+00
-1.833126842499021247e+00
4.978482988120825486e-02
2.396667641787664671e+00
2.420495269455553433e-01
-9.572961416213813246e-01
5.143776142667320084e-01
-8.017114702809013949e-01
7.166097359485698766e-03
5.748442416774312003e-01
-1.931572728965987640e+00
8.398191797500941247e-01
5.394406689883496364e-01
-8.315805590271414527e-01
2.791763949634065156e-01
-1.404494301624709118e+00
-1.277019747340007338e+00
1.105264658216893903e+00
1.314950500198407646e+00
9.161899295258426612e-01
7.870337206174062017e-02
-4.314080005175350840e-01
-1.760005443228903899e-01
-1.080469744341795713e-01
-3.435142614862395916e-01
5.300532741004753134e-01
-8.863127726183004373e-01
-2.476889454911992694e-01
3.937442219374293617e-01
1.697134130510834504e+00
-2.367671927723920544e-01
2.183826390732892531e+00
-7.269184190586499561e-01
-2.297524939840918934e-01
3.737980601678845272e-01
4.371461797035252062e-01
-5.549962938910252275e-01
-1.114743471175932976e+00
3.631716433368675223e-01
-9.587827126400473576e-02
-1.276237996980372325e+00
4.733392723340747177e-02
-1.107140211468072399e+00
-4.084543530898226416e-01
-7.762944212507542074e-01
6.059005323990780401e-01
2.812182434522499941e-01
-1.855341695151767833e+00
-1.241023842059336690e+00
8.520329562052234573e-01
1.121439426227667457e+00
1.192214760369135318e+00
-1.496501728036037371e-01
-1.426590192219540087e-01
1.185304983540712120e+00
2.352129105857308833e+00
7.716356311550590617e-03
-5.353536556214772979e-01
-7.293560492160953146e-01
4.226603393567521239e-01
-5.682575381576768225e-02
-2.615884461764763080e-01
-3.718319994924711436e-01
6.963633881259647662e-01
1.126063217705061126e-01
1.712459829809415135e-01
2.331826546513477538e+00
-3.957454640662355083e-01
-4.413259475537427701e-01
1.558175376687756852e+00
2.350583793895893336e+00
-1.292131209868142783e+00
-1.768409055347096137e+00
3.512173120059353670e-01
-3.155601398359358933e-02
-2.078436772631471752e-01
-4.030667180223510004e-01
1.208751478146787628e+00
3.901049764743767523e-01
8.893386662766585848e-01
-3.123388107637518618e-01
-1.129286415863153675e-01
-5.935850396401841644e-01
-1.083851972464425995e+00
1.407056096500040702e-02
-5.102045789343635507e-01
-7.864061866983542703e-01
-1.481369849269358774e+00
-1.573700659627033760e+00
-3.814706503223034284e-01
4.932071819832037907e-01
-7.090484258557828712e-01
1.767857183419466072e+00
-7.352681445316791575e-02
-6.132793970731241773e-01
-8.444730649632872233e-01
-3.052766456124923478e-01
-9.755967092454848055e-01
2.118773936355125898e+00
-1.652857377471645406e-01
1.884446924076180307e+00
-7.914970169831777591e-01
2.205449557586391385e-01
1.060709251596715141e+00
-7.154748883986941643e-02
1.685517573715552997e+00
2.478234157476444932e-01
9.601320272321450799e-02
1.006917867948060819e+00
-1.400842575561111192e-01
5.433363026925326356e-01
-1.449703166204460825e+00
-1.076892334757964864e+00
-1.897893823470293118e+00
6.401167613759431996e-01
5.628934511467188484e-01
1.344018453405711799e+00
6.619561631525835432e-01
1.282126636199122149e+00
-1.754747213641949299e+00
-4.929175166807989172e-01
3.827159472967808229e-01
1.679936488635256908e-01
4.323876485473258646e-01
9.437209480169024556e-02
-1.110002082940713786e+00
2.060154592029177778e-01
1.762787916072758587e-01
7.555605300167858411e-03
-6.760743498513196448e-01
9.917824831895676319e-01
-1.016786013014906731e-01
-3.451709373156362504e-01
5.853053473803795370e-01
7.371474407576722454e-01
-1.538800704702446787e+00
-3.531720286413218557e-01
1.755848415460422141e+00
1.364790142587896105e+00
-2.181684855162462355e-01
1.306848423148699867e+00
5.268184934658277641e-01
-1.134178745766769442e-01
-1.808911625160795733e+00
5.852631715284717373e-01
-6.603247197271308044e-01
1.476191953078892727e+00
5.559517260134079208e-01
7.563105245405474797e-01
-1.339279737662009584e+00
7.961018812017520707e-01
-4.835998686843087646e-01
5.705601053684349333e-01
-7.275648735908551989e-01
-1.430076197759752414e-02
-7.458885380732239723e-01
1.730972858826587801e+00
6.604804808371358416e-01
-2.995823325852344232e-01
-1.349701809718704126e+00
-5.911590517202243156e-01
-7.945328018321440311e-01
1.838794002534951122e-01
-1.599638282392092270e+00
-3.053515751805258027e-01
9.997515212667353879e-01
1.432798147938175504e+00
1.044109569166287388e+00
9.561600713368371973e-02
-2.816653457924966908e-01
7.653442683703963467e-02
7.835949409464937343e-01
-8.023000040322341153e-01
4.273020428557947059e-01
6.712877254806144389e-01
1.011999963233443101e+00
-3.835078750976838591e-01
-1.198539373641974159e-01
-3.130898570926239632e-02
8.249368487872866806e-01
4.984471262465510755e-01
7.299317101050472045e-01
