-4.792353768541434689e-01
-1.008503600686874863e-01
-6.930837604025454901e-01
-1.424104888050599316e+00
-1.552930991635722124e+00
-7.825540952919680660e-01
1.436609068376361042e+00
-7.370554295672655520e-01
-3.380982334768926623e-01
-8.370785312849142457e-02
-4.328190426568658822e-01
1.195143371387047182e+00
7.336549033376427165e-01
4.866850671278818985e-01
-6.325023039284618509e-01
1.004525476294512609e+00
-1.319397381487938281e+00
7.879196001226408397e-01
3.487270441390470377e-01
1.919470071649781673e+00
-8.931103035580081340e-01
8.252842671726451362e-02
-7.450318951441913251e-01
1.107640000092410482e+00
2.462612047875607224e-01
1.272713963538136150e+00
3.501935232900411088e-01
-2.697851712457786655e-01
1.187763375559982570e+00
1.120571353899558309e+00
-6.099417979310139959e-01
1.581610493602569445e+00
7.344132179156969142e-01
-1.702408407094456733e-01
5.859022259607901129e-01
1.121696744991540706e+00
6.629664415755426310e-01
-2.048432568523288033e+00
-2.676675109200202241e-01
8.715053517092062607e-02
-3.354197012818073143e-01
-1.337384670033024747e+00
5.119874297162430032e-01
-1.867434144760796721e+00
-4.972013463076448425e-01
5.457723986041500552e-01
-8.916892536005630587e-01
-1.104958900973407043e-01
-1.212771564528021040e+00
-1.567070972587017441e-01
3.681216252313407877e-01
-3.970151094247012513e-01
-3.928885825771606943e-01
-4.059444255304184845e-01
7.982394720659102827e-01
1.114718907940492443e+00
-2.178133972885574643e+00
6.604134943751633902e-01
-1.025884543514753888e+00
-9.480718521680528976e-01
-1.507928269736187099e+00
-2.254207832026581537e-01
-9.065990663540551830e-01
-4.528521077147286134e-01
-1.159992015100101970e+00
-3.963666800259635359e-02
5.015424245417945404e-01
-6.961738559313156438e-01
2.029818263706530512e+00
3.884474987440101890e-01
-1.327773433676773529e-01
-9.850397531519343719e-01
-6.653556454036239076e-01
-2.156555300194321900e-01
1.343769955679126604e-01
-6.332021743790723356e-01
-2.481045793911088038e-01
-7.958197467170156081e-01
-1.447696341789284948e-02
-5.493604371937685915e-01
-2.005858980000333691e+00
-1.335674659861640634e-01
-8.945061558388377465e-01
-1.921587890444721169e-01
1.198322103397314375e+00
6.033010750649746567e-01
-2.617037247761819785e-01
-1.203911689259345330e+00
-5.772255067668055073e-01
-4.653469199579129412e-01
1.641319075934974947e-01
4.119341918166737337e-01
-3.515049018846083673e-01
1.689674974069975466e+00
1.743441133370978446e-01
8.695165437086598281e-01
1.980259936267556864e-01
-2.877338601950776287e-01
-5.463969526045888703e-01
-1.746828925416842593e-01
1.397980616944868526e+00
-1.346919537803761946e+00
-2.216398530364009911e+00
1.093669330021190378e+00
-1.680087679373133636e+00
-7.185250037113498356e-02
3.231175755264689142e-01
-2.500569150741348778e+00
-9.655468693090320242e-02
-1.623947831858287394e+00
-1.908912659653809740e-01
-1.448189439874940199e+00
-1.342876075741729958e+00
-2.336259123154424966e-01
1.121804827773250635e+00
1.701569470122876737e+00
-4.988432809406729840e-01
2.551012877170276694e-01
-4.665752778448855054e-01
1.466407398931516282e+00
3.210754498884765828e-01
-2.128341752873684489e-01
-7.063255658372620260e-01
-8.820064174065430640e-01
-6.084205767724934488e-02
-1.150479325850986001e+00
-1.315767200876686305e+00
1.853564984635584501e-01
-9.023384037109950517e-01
-1.328521028661747039e+00
6.455519384921217796e-01
9.519991516238237583e-01
-6.359351688948663983e-02
-4.523139361235584688e-01
6.650794447032988277e-01
1.125253817519657584e+00
1.001105594807538690e+00
1.215430393979628487e+00
-6.399982662822016888e-01
-2.537676138252257019e+00
-1.213547347601336979e+00
1.239911388525848590e+00
1.333802008887407797e-01
6.056639227752298460e-01
-8.914812402870400110e-01
1.862803456108332312e-01
-1.430162715830451736e+00
2.695740906902748812e-01
-2.488386882292673796e+00
2.387304697447494295e-01
6.019297655346440568e-01
-5.746784446328554452e-01
-1.280007381341515149e+00
1.288980498572326550e+00
5.135864738057271950e-01
6.147731850195499170e-01
7.668440568852449291e-01
-4.632303890244033884e-01
-8.815792018037481581e-01
1.005082724599263289e+00
6.812316449408506447e-01
-9.350068826364085206e-01
-7.545867093963780636e-01
5.930317878329377512e-01
8.423768849055673913e-01
6.695382051282461333e-01
-5.573566804923509865e-01
1.413843783702802392e+00
3.132026145225458968e+00
3.232250024762078899e-01
-1.350137715333626698e+00
5.675068026656884257e-01
-9.684407840203935747e-01
-1.205722402020549477e+00
-2.021565822242812338e+00
-5.758711672353146183e-01
-1.352312762722183592e+00
-2.159201886614864341e-02
3.182286529919867157e-01
-5.923477330909876493e-02
5.995259025922018425e-01
-9.168487038168790515e-03
3.160303270239917528e-01
1.847597972000895872e-01
-2.040250026562622776e-01
6.245069131307779964e-01
2.436985181094280861e+00
2.222743714078421640e+00
-5.163980356218039747e-01
-2.785729599137461987e-01
9.387387418919967974e-01
-1.032498466885008348e+00
-6.159764635410395206e-01
-2.599722547990460653e-01
1.832020668389981177e-01
7.959675931730374465e-01
-2.059121510435010460e+00
-1.050479277862390037e-01
-2.680078843250324749e-01
3.137625262051806363e-01
-1.666275491945583331e+00
9.047953564093520751e-02
7.287912518945087736e-01
2.257276119905736067e+00
1.353288840106044777e+00
-9.768411793417578481e-01
1.048250416730503870e-01
3.345107130279818541e-01
1.977743702218973665e+00
3.064367050652838098e-01
-6.500617939796325961e-01
1.737653043890215798e+00
-2.322495167251004689e-01
-1.206951708506742493e+00
-1.947744073290444064e-02
2.139683642090987603e-01
2.708254071666406637e-01
-5.794987863734809563e-01
-1.316617170742168774e+00
-7.090772592764323923e-01
-2.015573444004017833e+00
1.387692214914076683e+00
1.536010346381627256e+00
-8.978136540466628013e-01
2.796531258841727235e-03
-1.503981085287845465e+00
8.448615152811735918e-01
-6.692881943402955169e-01
-2.982991777751791584e+00
3.026548606530172769e-01
-3.014570450560767889e-01
5.564251400667100667e-01
8.315984582615124632e-01
1.003501773435134803e+00
-5.460695026727039325e-01
-1.138991935184552329e+00
7.323905360780987861e-01
-1.295297598528775351e+00
2.374947218036143823e-02
-8.001617270398706516e-01
-4.040777291485923017e-01
2.621084626935851758e-02
-7.948919718743956420e-01
-9.032429802899620830e-01
1.511381294355060578e-01
-6.097164995290802469e-01
-2.352035531414383041e+00
-5.327839018091454770e-01
-7.880450683036178683e-01
2.465665341242345932e+00
-1.443633732501096834e+00
-8.483735363093451998e-01
5.806808135026610973e-01
-8.013586556562837249e-01
-1.446718594001420721e-01
1.538655028428937421e-01
7.529810221261762360e-01
-1.492987585363848346e+00
2.290472330632775111e-01
-1.417102799610498565e+00
1.623997443542475549e+00
2.146209562663993764e-01
1.987485468982118197e+00
-1.373539727018144307e-01
-1.794685793170377242e+00
4.564557521905688309e-01
1.084835731273297910e+00
4.540357073852591685e-01
4.715555121258723226e-01
-1.809601832769899499e+00
6.780913655285255581e-01
5.501260673005166080e-01
-5.324749075521135744e-01
9.614228486668793261e-01
-6.875264805028515891e-01
-8.827655268226467511e-01
-8.782194584882260235e-01
-5.632587390646920378e-01
-2.396625188141185969e-01
8.040493672515763857e-01
4.169940250312231811e-01
-5.360643571206060720e-01
-6.354285599790138184e-01
3.242585444953907103e-01
2.550202889966836306e+00
3.969271530661531155e-01
2.036356958069193979e-01
-9.438429786130982102e-02
-1.384080957951244528e+00
-5.139731819928488044e-01
-6.863349081999026158e-01
3.854985663963146902e-01
2.085471323648947273e+00
4.412953349626916877e-01
-3.171498594198766674e-01
8.962921382018231853e-01
-3.806036123456756903e-01
-1.060556999699275582e-01
1.215944009964698314e+00
-6.355652564193500220e-01
-1.761717717778430725e-01
-1.091705835391888035e+00
8.963786383630681365e-02
1.096368591244444371e-02
8.336163810679099173e-01
-5.776592056069141945e-01
-1.078980325350080705e+00
1.730217233146738698e+00
-9.630466566068550394e-02
1.171724828741984359e+00
1.974844713420540243e+00
-2.751906449758643736e-01
-8.254760929545154058e-01
-7.872179150654629032e-01
-3.400594164740259329e-01
2.110957321666780961e-01
1.853496708689723604e+00
1.018537846601992314e+00
5.305154551654642781e-01
-8.147668843307503961e-01
-1.019432004240084844e+00
3.612031025931262129e-01
8.768251218686361204e-02
5.450111474916350396e-01
-5.158868113683614393e-02
7.426202153294203523e-01
1.168830900657499727e+00
-1.242055869905449583e-01
-1.045617260042081970e-01
-1.870851421470834386e-01
-2.781768562718957227e+00
-6.143316158148411921e-01
9.214301952870708190e-01
1.374786721080813345e+00
-2.247979453210666723e+00
-1.203663326701557068e+00
-1.565441142890599657e+00
8.235384394725441259e-01
-1.079143058813921030e+00
-1.008582415634558860e+00
6.942923996657228702e-01
-4.908550648857338272e-01
-1.289920082384444777e-01
1.994608824090184085e-01
8.459340126352146161e-01
1.303269748692314378e+00
1.221091233736585346e+00
1.531683441022465786e+00
2.585222105151499528e-01
-1.382675787326992811e+00
6.458151315014586391e-01
-1.049440190766139702e+00
8.993070278968591513e-02
-5.082446179781900941e-01
-7.191823653198704536e-01
1.780418101723413526e+00
-1.009815074163821803e-02
-9.483716243821674885e-01
1.802405120420277895e-01
-6.391716556777772285e-01
3.545433210478068226e-02
1.531867631613117675e+00
-4.976155922534330478e-01
-5.646041632722939019e-01
4.252077286492746411e-01
2.755944549290582635e-01
-1.148066227358221392e+00
6.939289814205509277e-01
-9.244891192498693178e-01
4.467502204128006027e-01
-3.722972870071113854e-02
1.520065819543246155e+00
1.831481538991656777e+00
-1.816479781551725070e+00
5.971988557751106708e-01
-7.606533188930094669e-01
1.659870169514441107e+00
1.532286599730837418e-01
5.158908741683271293e-01
4.936725592460395884e-01
1.201201984327515015e+00
1.355665008141672567e+00
-1.274793941275352005e-01
5.296452151021003862e-01
6.818996047866167087e-01
-3.637085530577985337e-01
-5.726104697623199957e-01
-5.699794520287581046e-01
8.949787480038647880e-01
-1.439153480713800670e+00
8.195531472074615298e-01
2.352115920955564765e-01
-3.666981589180486889e-01
-6.621429126821472000e-01
-7.460517371018650090e-01
3.632378702931254311e-01
-9.604127014055442446e-01
2.420858219406880063e-01
3.039238439206950471e-01
6.657626171856285691e-01
-7.384374819425000291e-01
-1.189822139111179067e-01
-2.321691579813278949e-01
-1.087171873065174266e+00
-6.320780046799631680e-02
-2.073695248426518312e+00
-3.822399196702906954e-01
1.715873960376377072e+00
2.035927497808362130e+00
4.813954170979933833e-01
8.028724230165773523e-01
-1.992657950206865314e-01
7.815921674387259488e-01
5.172866758171570378e-01
-1.125944666558227558e+00
2.739665236157312056e-01
-5.417392869832620139e-01
5.088856497721748751e-01
4.535491857690174822e-01
1.183201361687509001e+00
-1.637164099596039313e-01
1.406581801792101905e+00
6.797965365923239744e-01
-7.295389248002720484e-01
-1.525479115984502476e+00
1.356775996088417591e+00
-1.779340506707096092e-01
1.668696544219983924e+00
3.102300023387745687e-01
-8.377913838637116029e-02
3.825869919979509870e-01
-8.554645361814255944e-01
1.305485839239805212e+00
8.822798738984359845e-01
-3.040803177393535672e-01
7.487063005221905598e-01
3.634986845171465086e-01
1.240733113779262764e+00
5.276569838040396920e-01
-5.264111233160221337e-01
1.594723947110643136e+00
4.606129950795166406e-01
-8.057739314201555203e-01
1.161947629235881685e+00
-1.043802286583035421e+00
2.230851000387286120e-01
2.427882140897321683e+00
-6.128508559809657807e-01
-4.855350295074354339e-01
-3.169952825600745316e-01
-2.774850709844812080e+00
-6.315360899056347010e-01
-3.113745810261538960e-01
2.777159839955729570e-01
-5.233500182087230668e-01
-2.975144023655345443e-02
-5.437124177784358192e-01
-8.354000966212971058e-01
-1.782612119103468562e-01
-6.312291711900179791e-01
-1.231287659194251205e+00
-1.643056947291638981e+00
-5.411757778326670154e-01
-1.881955232056390370e+00
1.389738060088999971e-01
1.311227807047619320e+00
-2.090675360179369002e-01
-1.185446082307133331e+00
1.933873876654502943e+00
-2.887803375060562713e-02
-7.168500461464367701e-01
-8.500859478326903140e-01
9.049810848360614335e-01
-2.014344520285318574e-01
-7.396717773280581110e-01
7.096278531889232966e-01
9.681946378647693363e-01
-2.172313902781713157e-01
3.039155825672419375e-01
1.438138932216005694e-01
2.413472544053141822e-01
-8.806680766112385816e-01
1.268640788117119556e+00
4.328570964946791277e-01
-2.681166065388066233e+00
2.279316871809836886e+00
8.468185672457080315e-01
-7.072135084098138957e-01
3.650277799080546282e-01
1.040485635768432227e+00
-1.743558414807550250e+00
2.141089702958292040e+00
-9.986233018685698459e-01
-1.344906240233189942e+00
7.114614313150481317e-01
7.166783385514932103e-01
3.933797391042881952e-01
-1.857824186970845615e+00
2.989077058982160806e-01
1.235249527624450616e+00
-2.175768164203492727e+00
1.173372053751985611e+00
7.737506247940241499e-02
1.236059240200562792e+00
-2.698083017348145152e-01
3.363048364565007220e-01
4.171330562243308893e-01
-7.706098385857944599e-01
-2.262683996422364396e-01
2.875613096369765698e-01
-1.313356716356114617e+00
1.916958166894067839e+00
5.860972073232019186e-01
-1.743379706423635600e-01
7.410880584939936178e-01
4.067431640313476371e-01
8.183712684179201835e-01
2.061150078844186939e-01
-1.733809895594978605e-03
1.045857379641715434e+00
5.926749394880438393e-01
1.606931477012067955e-01
6.427276289809118470e-01
5.110635962792573483e-01
-1.104380126123071931e-01
-1.530468884462004298e-01
-1.008577957012000592e+00
6.625476762755818649e-01
-1.734694895084971655e-01
-1.074705559542996403e+00
3.683710648465614024e-01
-6.188256211793877887e-02
-5.946489099609857387e-01
1.152820293390450113e+00
2.656720971092619843e-01
-4.818306187145374730e-01
-2.846938490328272398e-01
-7.981890520720241744e-01
8.776965686746565076e-01
-2.129130086622671225e+00
-4.625365811507117231e-01
1.531135648560619567e+00
-2.615354676402541906e-02
-6.367197782946413254e-01
-4.131239531445361490e-01
-1.086331601589763718e+00
-4.779237491992529563e-01
1.188570872388194574e-02
-4.071825641977888655e-01
-2.018758958448619023e-01
-8.440422500922740712e-01
-6.578628438277839274e-01
1.457438990975249427e-01
-1.339667349412059671e+00
-2.355540176702309030e-01
-1.433360725606271646e-01
-3.479051013791163438e-01
2.100801365281167676e+00
-1.058498741916474195e+00
4.572362704636747655e-01
1.094123152349781414e+00
-6.555097997946900124e-02
-1.086925142396919286e+00
7.492023636450166890e-01
-3.800093377023058827e-01
6.769071506692255769e-01
4.142823822619767782e-01
1.761280685328431572e-01
-8.213145601418253561e-01
1.095140334779697855e-01
-1.108772882894217549e-01
1.552834403082901764e-02
-1.589196075351030579e+00
1.272081868080479516e+00
3.240005675910150734e-02
-1.720576694115278082e-01
1.778001367759543261e-01
-5.754961606395407880e-01
1.699162886145247686e+00
1.959671217244254082e+00
9.781638624976711771e-01
-9.125197712946433448e-01
-3.893200785902847239e-01
-9.224854745821289281e-01
4.229859506821221360e-01
7.677940474876847610e-01
-7.632596502946922268e-01
-2.388247194066128731e-01
-8.369233528474295802e-01
-1.577271970821189528e+00
1.706936324376885361e-01
1.658221644511706228e-01
8.392401818447881023e-01
6.029624459957493299e-01
-1.812259312059971983e-01
7.680515995916360472e-01
-2.090432295767727933e+00
2.364341350777417472e-01
1.648922654714490010e-01
-5.460137675231804266e-01
1.386674235164662816e+00
-1.390040731262938145e+00
-1.236739514286170766e-01
2.345833856546009066e-01
-7.607930461630437735e-01
7.725165015433960169e-01
-8.453864002381272780e-01
-3.148791087879181938e-01
5.724321311964745140e-01
6.919836233703580142e-02
8.202180611180993619e-01
3.064906593730298834e-01
1.113329198055347025e+00
9.949722758315131532e-01
2.088403255586841409e-02
9.826702647036574811e-01
1.560634365546879287e+00
-1.199608577486112937e+00
-2.961028058746267844e-01
1.340655769663106289e+00
-4.955967052567802344e-01
9.250373763373512803e-01
-1.262669213021158310e+00
2.944770866117684682e-01
1.363674052680641791e-01
8.289701951450737516e-01
-2.963828487016730850e-01
-9.064152861715953913e-01
1.886473103636660209e+00
-1.736680401570671606e+00
-6.017357131283571636e-01
-6.935617680300485421e-01
3.750900027646840162e-01
5.524288085464019726e-01
-1.918551720311795439e+00
1.018811112479714343e+00
-1.441677240655117709e+00
-5.083235244235295713e-02
-7.082214510224317527e-02
-1.751297054122110120e-01
2.045134861481247845e-01
1.281382158809662997e+00
1.148779898941138633e+00
-1.108018475396135849e-01
3.240967451260245991e-01
2.071027056922794263e-01
-4.828226089726128656e-01
-9.328713664818086837e-01
-2.381234372754986728e-01
2.056761249038210781e+00
8.407798039955488578e-02
6.842637389796100145e-01
-3.500325582003319114e-02
-8.185001928105370972e-01
8.152077057174392793e-01
9.572517799610688050e-01
1.268931113186729798e+00
-6.240307326465336368e-01
1.918940444101196463e-01
-2.234613779953784352e-01
-9.373080759548952923e-01
-9.735842002109866833e-01
-1.425885429769868429e+00
-1.779094263752973637e+00
8.250414640771446262e-01
-1.384812699904940159e+00
2.337711512871710196e-01
-1.989783536032754485e+00
-1.276783102073060894e+00
-7.138398399688531404e-01
1.273279872381400279e+00
7.987640258375733326e-01
4.425680919030188787e-01
-2.019195529563157232e-01
5.032804378602837581e-01
3.501683902649325164e-01
-8.967164540635269576e-01
-2.643605215610956294e-01
1.492855074777371671e-02
-3.279519419239292244e+00
-2.511222785513254618e-01
-1.532351759572232019e+00
-7.404667414597453368e-01
-6.638755859657846647e-01
-2.416461517342737009e-01
1.322105041535853509e+00
9.668433426925040486e-01
1.422499363611946510e+00
9.176795689553950419e-01
1.328137666860824684e+00
-2.303157092633751901e-01
-3.664285865940916653e-01
5.497839962672691483e-01
-4.684794905030190137e-02
1.660022922582251870e-01
-8.663154377610009504e-01
4.401308654489572425e-01
-9.372353632117189082e-02
6.615224163154999337e-02
4.365309263227728498e-01
1.308137828472428765e-01
1.397984330457024749e+00
1.924331920068273138e+00
-3.749516646063832948e-01
-5.045653247978340028e-01
-1.480373980269764189e+00
-1.959625373944148485e+00
-5.654008194651003461e-01
-2.210455329754323905e-01
-4.800349042821104861e-01
-7.261741350182955301e-01
7.602668931143548026e-01
-1.765018546633285945e+00
-9.800432332322382978e-01
1.787817397290575094e+00
-2.168110690056956336e-01
-1.643650927783568916e+00
-5.792995068010057258e-01
-5.201316318616151513e-01
1.310411783365747818e+00
1.061324781477112067e+00
7.088109052681756950e-01
2.777943320730785065e-02
1.548979392515315578e-01
1.159514627676566212e+00
-1.245797623490741551e-02
-1.434746838603687458e+00
-4.804116018664814636e-01
2.374902266697262121e+00
-7.776531289210386610e-01
9.274106908657525628e-01
2.295791643894156575e+00
-1.430975857379155780e+00
-1.945078711562659712e-01
8.382665822423948088e-01
7.232096397258198917e-02
8.577733495301130828e-01
-1.187934535316865770e+00
-9.564116851073631298e-02
-1.408699078629038315e+00
1.189262533595949023e+00
-1.068797179581091106e+00
2.046973052820595385e-01
-3.697464815233645341e-01
-5.007654680594805230e-01
2.802711868949536722e+00
1.953581325492933063e+00
-1.139231277171674828e+00
-3.698037706223821219e-01
-6.257755954693723366e-01
-2.576225413725215518e-01
-4.139550543562227625e-01
-1.274698430534202842e+00
-6.759561713588340126e-01
4.821459538035727799e-01
-3.306981214907920297e-01
-2.662097757283681809e-01
1.040882995192156768e+00
2.410350104350711398e-01
-4.499496004868815402e-01
-8.476229586941863570e-01
9.334652357857958771e-01
8.277670124253624362e-01
-1.719214566262631694e+00
-1.159946679353981214e+00
-9.497366885133383674e-01
5.712205262796797856e-01
8.573223661706206311e-01
-1.164327665657477917e+00
-4.101865938454881122e-01
1.137874006886103517e+00
-1.095833542220479018e+00
1.771299190820121161e-01
5.256701016806089033e-01
-5.969861180566357062e-01
2.014183900495607471e+00
5.913059531228419541e-01
3.563657985493615676e-01
3.362239381754260625e-01
-4.714086698852840152e-01
-8.608920990004066409e-01
-1.860879489123757891e+00
6.626234036393312543e-01
-1.489850926568971889e-01
1.093855472276293872e+00
-2.761682817703883241e+00
5.636423672534978113e-01
-1.252362228376145969e+00
5.452179151161709036e-01
6.809840277938756792e-01
3.268330175929155534e-01
8.412540878561067803e-01
2.383011248785350811e-01
-2.011867782573306673e+00
1.164866880896405554e+00
7.158114098368545397e-02
9.999608874672312187e-01
-1.470232037273005554e+00
7.418920697408615261e-01
-1.260649276067723201e-01
-1.651348588121984706e-01
1.645735892358328956e+00
-1.316280650387108953e+00
2.409179452525955778e-01
-6.740953114453166473e-01
2.420222434400492340e+00
-1.265853113027894050e+00
2.024785402208988838e+00
-1.232488309817276750e+00
9.450610368458849386e-01
6.427508677208375321e-02
-1.245573303142402111e+00
5.125754091265848356e-01
6.363079303563740075e-02
1.692304671641750247e+00
-5.657089429054599217e-01
-5.901797004946096603e-01
-2.495332093972188581e+00
-2.370206597211919508e+00
1.767735827414374405e+00
6.076487237594115909e-01
4.219422725450380773e-01
-7.076739028799513553e-01
9.443642702375041331e-01
-4.567312129715956903e-01
8.775812249331339521e-01
3.952303129056632391e-01
1.673947693509702628e+00
1.714558358032608476e-01
7.838657775058431865e-01
-1.260175999180054851e-01
4.719808648994842926e-02
-2.403660680199278143e+00
-9.323164018971176192e-01
-2.407388801650363064e+00
-1.606398170186609242e-01
-6.873414454211412838e-01
-5.344982113700254001e-01
-8.916223722928205975e-01
-8.546302773680436449e-01
5.831915421734913396e-01
-2.848691453882903901e-01
5.651607390201899284e-01
1.817476848016529867e-01
-1.467005444666324543e+00
6.881766316839044162e-01
-1.068153091210687133e+00
-1.791344501807681233e+00
6.916633896747672594e-01
1.220106961792629896e+00
4.765984753617772962e-01
1.030408708683850261e+00
-2.339009573408601828e+00
-3.923112178090354396e-01
-2.294786925359433294e-01
-1.161289285284138995e+00
-1.496385508926552310e+00
-1.551072098374513208e+00
3.936059032115230560e-01
6.058509393248510122e-01
-1.750988856637564484e-01
-5.234536419405649843e-01
-4.725405482414399283e-01
-7.155219853263186103e-01
9.380983031939250649e-01
-3.516833830719820475e-01
1.426386524126422417e+00
5.236130139225265712e-01
1.380243904508152708e+00
-1.775080620027657652e+00
6.872864890881354993e-01
3.441803730683405949e-01
-2.131748654229554951e+00
-1.759623714081088641e+00
7.548774186572657086e-02
7.861094586333854384e-01
-1.854514078633413277e-01
-1.409789320947807123e-01
9.667646045996949322e-01
5.657296628398261751e-01
6.026877347916291816e-01
-3.813200860628303546e-01
-1.851573590845538297e-01
5.314030379953924577e-01
6.143974188182923513e-01
6.800239539649193254e-01
-1.020701946739583477e+00
-1.101472782260921601e+00
-1.464646153066496703e+00
-5.573382255040095767e-01
9.326715495265128220e-02
4.948074702437870176e-01
-3.822523602762769590e-01
-1.651402909304599875e+00
-3.300135265599766221e-01
3.912863408842142676e-01
-4.913466838592568386e-01
2.924291889002226807e-01
1.801626546762253867e-01
1.429400223182716756e+00
-1.576022276962826929e+00
-3.590591311171616451e-01
-1.901972388483445242e-01
4.051524353514585619e-01
4.321140376500319236e-01
2.481993057644531486e-01
-2.667444345308790377e-01
1.317428309279412124e+00
1.170427100923036694e-02
-1.078792454244222876e+00
-1.116036899099397184e+00
5.808106414285110208e-01
1.335997842400874769e-01
-5.032537147553181045e-01
-2.705447116325728207e-01
1.172133388597090820e+00
3.554031932193821852e-01
-4.415208357144480011e-01
-1.117325358312007549e-01
-2.157740931560306885e-01
-1.249442316819588061e+00
1.158201156501986295e+00
-1.021930402061680399e+00
-1.073237164934559784e+00
1.099543541511186634e-01
-6.597711188394064230e-01
7.208065301253744339e-01
-9.342830507053896394e-01
1.650938137613291001e+00
1.000640190569571431e+00
1.321970491696132122e+00
4.870402334894789742e-02
-1.457695033236944493e+00
-1.104272390517357927e+00
1.409603968556073728e+00
1.358756581981432232e+00
-2.078632966493751955e+00
3.964832480099069745e-01
-1.286565559593690455e+00
-6.614236545870103012e-02
2.347643273498249528e+00
1.502037537765293473e+00
-2.433879909688705379e+00
-4.281664050626513007e-01
-7.230279314031720084e-01
-5.930785562866683902e-01
4.084968923103229899e-01
-1.421685207626413594e-02
-7.989782930225056701e-01
-2.614438391796293226e-01
3.595975159239880314e-01
-5.866802741647230146e-01
-1.144618689890449570e+00
-8.155756982605327776e-01
4.630955440033737158e-01
-1.679170368280808345e+00
2.412700011916831255e-01
3.969885921105520410e-01
8.970258551888420362e-01
6.817539528640216284e-01
-7.795470272401068268e-01
1.046490929377480894e+00
1.557286549075070914e+00
2.552755318509101201e-01
1.142163508720143827e+00
1.180824261232982231e+00
4.526728195060356064e-01
1.341220751830552116e+00
-7.858764362904601120e-01
1.562171435729003688e-01
-1.273557811513414129e-01
8.124953327580907159e-01
-1.086485080295166439e+00
-2.933520930929575110e-01
2.870356565041071173e-01
1.636538360923173840e+00
-2.150147158359692057e+00
-3.877367687776114846e-01
1.589755854751506714e-01
-5.471332221116808059e-01
8.005044546544921868e-02
1.035576854039681693e+00
-1.267858366937302694e+00
4.088361077787811548e-01
-5.693244084929579563e-01
1.457693071515457683e+00
9.014050211841602156e-01
-6.415541959158137519e-01
-6.001497656202876563e-01
-1.360809399512140638e+00
9.322629065747769506e-01
-1.644065470888911307e+00
-9.175353010077406946e-02
8.465186814665812687e-01
1.638133494168153570e-01
1.417826352896134123e+00
-2.883049435179441122e-01
-4.159404582275063045e-01
5.815543881298451678e-01
2.122908871870644310e-01
