 -2.50000000e+00 1.75283005e-02
 -2.46875000e+00 1.89433598e-02
 -2.43750000e+00 2.04526738e-02
 -2.40625000e+00 2.20606883e-02
 -2.37500000e+00 2.37719008e-02
 -2.34375000e+00 2.55908461e-02
 -2.31250000e+00 2.75220808e-02
 -2.28125000e+00 2.95701665e-02
 -2.25000000e+00 3.17396518e-02
 -2.21875000e+00 3.40350530e-02
 -2.18750000e+00 3.64608332e-02
 -2.15625000e+00 3.90213805e-02
 -2.12500000e+00 4.17209853e-02
 -2.09375000e+00 4.45638153e-02
 -2.06250000e+00 4.75538913e-02
 -2.03125000e+00 5.06950597e-02
 -2.00000000e+00 5.39909665e-02
 -1.96875000e+00 5.74450285e-02
 -1.93750000e+00 6.10604050e-02
 -1.90625000e+00 6.48399687e-02
 -1.87500000e+00 6.87862758e-02
 -1.84375000e+00 7.29015364e-02
 -1.81250000e+00 7.71875844e-02
 -1.78125000e+00 8.16458478e-02
 -1.75000000e+00 8.62773188e-02
 -1.71875000e+00 9.10825251e-02
 -1.68750000e+00 9.60615009e-02
 -1.65625000e+00 1.01213760e-01
 -1.62500000e+00 1.06538268e-01
 -1.59375000e+00 1.12033419e-01
 -1.56250000e+00 1.17697011e-01
 -1.53125000e+00 1.23526223e-01
 -1.50000000e+00 1.29517596e-01
 -1.46875000e+00 1.35667015e-01
 -1.43750000e+00 1.41969695e-01
 -1.40625000e+00 1.48420167e-01
 -1.37500000e+00 1.55012265e-01
 -1.34375000e+00 1.61739128e-01
 -1.31250000e+00 1.68593185e-01
 -1.28125000e+00 1.75566162e-01
 -1.25000000e+00 1.82649085e-01
 -1.21875000e+00 1.89832284e-01
 -1.18750000e+00 1.97105402e-01
 -1.15625000e+00 2.04457415e-01
 -1.12500000e+00 2.11876646e-01
 -1.09375000e+00 2.19350787e-01
 -1.06250000e+00 2.26866927e-01
 -1.03125000e+00 2.34411581e-01
 -1.00000000e+00 2.41970725e-01
 -9.68750000e-01 2.49529829e-01
 -9.37500000e-01 2.57073907e-01
 -9.06250000e-01 2.64587554e-01
 -8.75000000e-01 2.72054998e-01
 -8.43750000e-01 2.79460152e-01
 -8.12500000e-01 2.86786668e-01
 -7.81250000e-01 2.94017993e-01
 -7.50000000e-01 3.01137432e-01
 -7.18750000e-01 3.08128211e-01
 -6.87500000e-01 3.14973535e-01
 -6.56250000e-01 3.21656664e-01
 -6.25000000e-01 3.28160969e-01
 -5.93750000e-01 3.34470008e-01
 -5.62500000e-01 3.40567594e-01
 -5.31250000e-01 3.46437859e-01
 -5.00000000e-01 3.52065327e-01
 -4.68750000e-01 3.57434978e-01
 -4.37500000e-01 3.62532317e-01
 -4.06250000e-01 3.67343440e-01
 -3.75000000e-01 3.71855094e-01
 -3.43750000e-01 3.76054739e-01
 -3.12500000e-01 3.79930606e-01
 -2.81250000e-01 3.83471754e-01
 -2.50000000e-01 3.86668117e-01
 -2.18750000e-01 3.89510555e-01
 -1.87500000e-01 3.91990898e-01
 -1.56250000e-01 3.94101982e-01
 -1.25000000e-01 3.95837687e-01
 -9.37500000e-02 3.97192963e-01
 -6.25000000e-02 3.98163857e-01
 -3.12500000e-02 3.98747532e-01
 -0.00000000e+00 3.98942280e-01
 0.00000000e+00 3.98942280e-01
 3.12500000e-02 3.98747532e-01
 6.25000000e-02 3.98163857e-01
 9.37500000e-02 3.97192963e-01
 1.25000000e-01 3.95837687e-01
 1.56250000e-01 3.94101982e-01
 1.87500000e-01 3.91990898e-01
 2.18750000e-01 3.89510555e-01
 2.50000000e-01 3.86668117e-01
 2.81250000e-01 3.83471754e-01
 3.12500000e-01 3.79930606e-01
 3.43750000e-01 3.76054739e-01
 3.75000000e-01 3.71855094e-01
 4.06250000e-01 3.67343440e-01
 4.37500000e-01 3.62532317e-01
 4.68750000e-01 3.57434978e-01
 5.00000000e-01 3.52065327e-01
 5.31250000e-01 3.46437859e-01
 5.62500000e-01 3.40567594e-01
 5.93750000e-01 3.34470008e-01
 6.25000000e-01 3.28160969e-01
 6.56250000e-01 3.21656664e-01
 6.87500000e-01 3.14973535e-01
 7.18750000e-01 3.08128211e-01
 7.50000000e-01 3.01137432e-01
 7.81250000e-01 2.94017993e-01
 8.12500000e-01 2.86786668e-01
 8.43750000e-01 2.79460152e-01
 8.75000000e-01 2.72054998e-01
 9.06250000e-01 2.64587554e-01
 9.37500000e-01 2.57073907e-01
 9.68750000e-01 2.49529829e-01
 1.00000000e+00 2.41970725e-01
 1.03125000e+00 2.34411581e-01
 1.06250000e+00 2.26866927e-01
 1.09375000e+00 2.19350787e-01
 1.12500000e+00 2.11876646e-01
 1.15625000e+00 2.04457415e-01
 1.18750000e+00 1.97105402e-01
 1.21875000e+00 1.89832284e-01
 1.25000000e+00 1.82649085e-01
 1.28125000e+00 1.75566162e-01
 1.31250000e+00 1.68593185e-01
 1.34375000e+00 1.61739128e-01
 1.37500000e+00 1.55012265e-01
 1.40625000e+00 1.48420167e-01
 1.43750000e+00 1.41969695e-01
 1.46875000e+00 1.35667015e-01
 1.50000000e+00 1.29517596e-01
 1.53125000e+00 1.23526223e-01
 1.56250000e+00 1.17697011e-01
 1.59375000e+00 1.12033419e-01
 1.62500000e+00 1.06538268e-01
 1.65625000e+00 1.01213760e-01
 1.68750000e+00 9.60615009e-02
 1.71875000e+00 9.10825251e-02
 1.75000000e+00 8.62773188e-02
 1.78125000e+00 8.16458478e-02
 1.81250000e+00 7.71875844e-02
 1.84375000e+00 7.29015364e-02
 1.87500000e+00 6.87862758e-02
 1.90625000e+00 6.48399687e-02
 1.93750000e+00 6.10604050e-02
 1.96875000e+00 5.74450285e-02
 2.00000000e+00 5.39909665e-02
 2.03125000e+00 5.06950597e-02
 2.06250000e+00 4.75538913e-02
 2.09375000e+00 4.45638153e-02
 2.12500000e+00 4.17209853e-02
 2.15625000e+00 3.90213805e-02
 2.18750000e+00 3.64608332e-02
 2.21875000e+00 3.40350530e-02
 2.25000000e+00 3.17396518e-02
 2.28125000e+00 2.95701665e-02
 2.31250000e+00 2.75220808e-02
 2.34375000e+00 2.55908461e-02
 2.37500000e+00 2.37719008e-02
 2.40625000e+00 2.20606883e-02
 2.43750000e+00 2.04526738e-02
 2.46875000e+00 1.89433598e-02
 2.50000000e+00 1.75283005e-02
