0.0576827033
0.07768983954444444
0.0724509460611111
0.07797039280555555
0.07125033177777777
0.0716520331229
0.08318994186666667
0.06259952950722222
0.02615725305944444
0.02764371941266667
0.06745213254944445
-0.0026337536055555544
0.001845096193333333
-0.042179504078777776
0.033645600868833336
0.00978602924888889
0.07957052385
0.011802624216666665
0.0156848557685
0.05887729165611111
0.04293913776111111
0.0775005115561111
0.04839756022055555
0.031397211571777786
0.030295932805
0.030415458794444444
0.01855965891888889
0.06011302607777777
0.0742613556611111
0.07237273437555554
0.03969469629333333
0.06192418291888889
0.07184602622222222
0.06411801027555557
0.058848587231666666
0.08217647024111112
0.1146199453777778
0.060117461032777784
0.0
