 -9.64877765e-02
 -1.80952442e-01
 -1.17566724e-01
 -2.33375260e-01
 -2.10700534e-01
 -3.23358056e-01
 -3.08120366e-01
 -3.63312884e-01
 -3.52864498e-01
 -4.27466597e-01
 -3.82598592e-01
 -3.58587574e-01
 -2.96118340e-01
 -1.32758270e-01
 1.41651780e-01
 4.20250909e-01
 5.91583947e-01
 7.96858629e-01
 8.44873873e-01
 9.49718527e-01
 8.17581557e-01
 6.77021504e-01
 4.37181430e-01
 2.96275876e-01
 1.92698319e-01
 -4.88495300e-02
 -1.60036279e-01
 -3.24873855e-01
 -2.58060899e-01
 -3.20016743e-01
 -2.33011428e-01
 -2.84504079e-01
 -1.87687447e-01
 -1.67710358e-01
 -3.41863584e-01
 1.53571496e-01
 1.84530233e-02
 7.32572355e-02
 1.76639521e-01
