 -9.53926820e-02
 -1.23102183e-01
 -1.66116383e-01
 -1.75680662e-01
 -2.24965072e-01
 -2.88010857e-01
 -3.49624521e-01
 -3.62305638e-01
 -4.31623427e-01
 -3.95946675e-01
 -4.22565987e-01
 -4.75331927e-01
 -2.94134951e-01
 -9.74675749e-02
 9.96963639e-02
 2.53991548e-01
 5.89721054e-01
 7.54388199e-01
 9.71878447e-01
 9.48221224e-01
 7.89071620e-01
 7.40434017e-01
 5.34763949e-01
 2.62604842e-01
 1.84476721e-01
 4.67611244e-02
 -1.19970470e-01
 -2.58953827e-01
 -3.26723094e-01
 -3.53718494e-01
 -3.18663662e-01
 -2.38062207e-01
 -2.12129774e-01
 -7.88098262e-02
 -5.30544284e-03
 1.41818533e-02
 -2.61063403e-01
 4.42309466e-01
 2.37702046e-01
