 -9.61984393e-03
 -1.25401284e-01
 -1.91875143e-01
 -1.86508346e-01
 -2.59527560e-01
 -3.07896132e-01
 -3.36839975e-01
 -3.16220755e-01
 -3.63797049e-01
 -4.14060296e-01
 -3.89413348e-01
 -4.33246626e-01
 -4.32960299e-01
 -1.12311880e-01
 2.77254375e-02
 2.84223756e-01
 5.04477267e-01
 7.59762152e-01
 9.47908280e-01
 9.10689639e-01
 7.89764397e-01
 7.85119141e-01
 5.22649535e-01
 3.47123889e-01
 1.33020436e-01
 -1.24217262e-02
 -1.59845859e-01
 -2.05629114e-01
 -2.42184722e-01
 -3.26671647e-01
 -2.61658703e-01
 -2.89793771e-01
 -1.24319195e-01
 -1.11997540e-01
 -9.53391155e-02
 3.86741660e-02
 1.46018034e-01
 2.87103872e-03
 1.65496890e-01
