 -4.41677784e-02
 -2.73127481e-01
 -2.14755970e-01
 -2.90466229e-01
 -2.27528163e-01
 -3.56204063e-01
 -3.58729570e-01
 -3.91068560e-01
 -4.36357002e-01
 -3.79758428e-01
 -3.59399009e-01
 -4.66775480e-01
 -2.22551185e-01
 -7.34430168e-02
 1.67586112e-01
 3.03409900e-01
 5.79003359e-01
 7.50980245e-01
 1.04469669e+00
 9.08762261e-01
 8.77056229e-01
 6.09898575e-01
 4.56432762e-01
 2.17701442e-01
 1.32643652e-01
 -1.60386843e-02
 -6.98961589e-02
 -1.64345399e-01
 -3.21269869e-01
 -2.15980751e-01
 -2.15521947e-01
 -1.86971553e-01
 -1.22509338e-02
 1.31384317e-02
 1.12520122e-01
 1.55699085e-01
 -6.17435744e-02
 1.80438426e-01
 4.70481337e-01
