 -1.24611224e-02
 -5.73429687e-02
 -8.38534500e-02
 -1.16998144e-01
 -1.27114518e-01
 -1.43783100e-01
 -1.63385136e-01
 -2.68707124e-01
 -3.04558010e-01
 -3.88316794e-01
 -5.37980527e-01
 -5.71338189e-01
 -6.28890795e-01
 -4.60899479e-01
 -2.79121702e-01
 6.93510204e-02
 3.42907605e-01
 7.68056958e-01
 9.57560621e-01
 9.80319039e-01
 8.91145137e-01
 8.28056371e-01
 6.31299979e-01
 4.36857965e-01
 1.41032105e-01
 -1.46092890e-01
 -2.13984774e-01
 -2.71379206e-01
 -3.92593897e-01
 -3.77338586e-01
 -2.72005131e-01
 -3.13191696e-01
 -1.23098044e-01
 -9.77005099e-02
 2.38353428e-01
 1.46944091e-02
 5.17793331e-02
 3.14339507e-01
 1.41126181e-01
