 -2.73593741e-02
 -1.30132993e-01
 -1.59727999e-01
 -2.26570590e-01
 -2.07559393e-01
 -2.74555847e-01
 -3.51828032e-01
 -3.57494896e-01
 -4.30430919e-01
 -4.31140788e-01
 -3.68288393e-01
 -3.24991124e-01
 -2.04042702e-01
 -1.65627967e-02
 1.79795549e-01
 3.16093910e-01
 6.16632986e-01
 8.36826508e-01
 9.06556166e-01
 9.17780565e-01
 8.91937329e-01
 7.51064097e-01
 5.55073258e-01
 4.19179610e-01
 7.34188105e-02
 1.57678065e-02
 -1.41253148e-01
 -2.08703686e-01
 -3.03765448e-01
 -2.41193913e-01
 -2.49459042e-01
 -2.99066518e-01
 -1.87286847e-01
 -1.38406459e-01
 3.34342375e-02
 9.66151123e-02
 1.94628384e-01
 9.57425976e-02
 2.42043837e-01
