 -1.20919084e-01
 -2.15073644e-01
 -1.68603801e-01
 -2.61997708e-01
 -2.96487277e-01
 -3.85405707e-01
 -3.69652371e-01
 -4.27261375e-01
 -4.59112821e-01
 -4.97655462e-01
 -3.96120893e-01
 -3.34054928e-01
 -2.66453209e-01
 -1.62779807e-01
 2.29248660e-01
 3.27064470e-01
 6.00319257e-01
 7.85105817e-01
 8.76025100e-01
 9.60012932e-01
 8.48680365e-01
 7.23377938e-01
 5.41500472e-01
 3.49585864e-01
 8.72213946e-02
 -1.50493981e-02
 -2.26630523e-01
 -1.75539584e-01
 -2.82049237e-01
 -3.14677407e-01
 -3.31579249e-01
 -1.69652755e-01
 -2.52852817e-01
 -8.95814044e-02
 -4.21400259e-02
 1.56994796e-01
 2.73453042e-01
 2.07361778e-01
 3.32347304e-01
