 5.34819257e-02
 4.00290208e-02
 8.72594403e-02
 3.70965463e-02
 5.58551047e-02
 7.98563581e-02
 7.04666032e-02
 1.43270323e-03
 4.45846387e-02
 -4.37948641e-04
 -1.07547910e-02
 -2.95655330e-02
 3.36279625e-02
 5.33422592e-04
 6.48460970e-02
 2.11455378e-03
 5.29856653e-02
 9.12815756e-02
 -2.12635511e-02
 7.48377444e-02
 -6.47356759e-02
 1.04447976e-01
 -4.21366301e-03
 9.13977587e-02
 1.37586243e-02
 -7.70247534e-02
 -1.63584990e-02
 3.63100513e-02
 5.45611112e-02
 8.24478304e-02
 1.62665095e-02
 -1.73636041e-02
 1.63845267e-01
 8.47949492e-02
 1.76264496e-01
 8.21680194e-02
 1.54743271e-01
 -9.48270123e-02
 -6.76994990e-02
