 -2.00271023e-01
 -1.80861093e-01
 -1.78522585e-01
 -2.34360243e-01
 -2.63357441e-01
 -3.30442403e-01
 -3.75973702e-01
 -4.58384277e-01
 -4.58530889e-01
 -4.23827715e-01
 -4.48040785e-01
 -4.01311487e-01
 -3.76256872e-01
 -9.26795182e-02
 7.77658511e-02
 3.80242272e-01
 6.39401390e-01
 9.63020680e-01
 1.02746032e+00
 8.61695565e-01
 9.60418241e-01
 8.06739645e-01
 4.13040980e-01
 3.43895312e-01
 1.76498973e-01
 2.33881277e-02
 -8.31971852e-02
 -2.14843931e-01
 -3.88690006e-01
 -3.67210348e-01
 -2.50616374e-01
 -3.02736504e-01
 -5.88957963e-02
 -5.32876510e-02
 2.53415509e-01
 1.47296012e-01
 6.98592613e-02
 2.30340620e-01
 2.61901458e-01
