 -3.19015909e-02
 -1.06436520e-01
 -1.71276098e-01
 -1.65812082e-01
 -2.05430542e-01
 -2.61862933e-01
 -3.04176722e-01
 -3.53802855e-01
 -3.46757463e-01
 -3.75235633e-01
 -3.59823618e-01
 -4.22374388e-01
 -2.41509236e-01
 -7.61640301e-02
 1.40734542e-01
 2.98047428e-01
 5.93040452e-01
 7.03347505e-01
 8.80150463e-01
 8.91769623e-01
 8.48283971e-01
 6.55590608e-01
 4.00113118e-01
 2.13327363e-01
 2.47098115e-01
 2.38427486e-02
 -1.19534428e-01
 -2.36866734e-01
 -3.73152313e-01
 -3.58604677e-01
 -3.32554657e-01
 -2.61045471e-01
 -1.68204686e-01
 -1.12535630e-01
 2.87756891e-03
 3.84314701e-02
 1.11381727e-01
 2.45504887e-01
 2.70396403e-01
