 -6.96406878e-02
 -6.25781804e-02
 -1.32847251e-01
 -1.33780921e-01
 -1.92438229e-01
 -2.87982766e-01
 -2.67032169e-01
 -3.06055330e-01
 -4.22685301e-01
 -4.60646077e-01
 -4.58454114e-01
 -4.11758052e-01
 -3.68158028e-01
 -3.01647688e-01
 -4.86608390e-02
 2.60643704e-01
 4.64259668e-01
 7.04185981e-01
 9.76925113e-01
 9.27370556e-01
 9.02327495e-01
 6.97239144e-01
 5.54532948e-01
 2.53112009e-01
 8.46055749e-02
 -9.62226461e-02
 -1.69330804e-01
 -2.11192380e-01
 -2.91634266e-01
 -3.12275061e-01
 -3.13582162e-01
 -2.84419293e-01
 -1.79912373e-01
 -9.99279370e-02
 3.28402921e-02
 2.23492917e-01
 3.84719989e-01
 2.62375726e-01
 1.68663111e-01
