 -1.21933845e-01
 -1.46573103e-01
 -1.17454331e-01
 -2.39807443e-01
 -2.09777932e-01
 -2.96286735e-01
 -3.50795389e-01
 -2.98916452e-01
 -3.73669747e-01
 -4.01956798e-01
 -4.27786705e-01
 -4.12757833e-01
 -2.57289122e-01
 -1.14101541e-02
 1.89347454e-01
 3.49844109e-01
 6.15405822e-01
 7.95554452e-01
 9.53317508e-01
 8.48574809e-01
 9.22269782e-01
 7.35820749e-01
 4.26810659e-01
 2.57468392e-01
 2.68339448e-01
 -6.66305682e-02
 -6.43623982e-02
 -8.24887823e-02
 -3.59117342e-01
 -1.81409193e-01
 -3.12737681e-01
 -1.26254525e-01
 -1.87627694e-01
 -1.93725840e-02
 -2.26455563e-02
 5.80613721e-03
 2.01696196e-01
 1.69017532e-01
 3.68204894e-01
