 -2.90441152e-02
 -1.36904211e-02
 -3.44168210e-02
 -3.39065576e-02
 -9.30747291e-02
 -1.54680557e-01
 -1.19510757e-01
 -2.41791442e-01
 -3.47807179e-01
 -4.55495515e-01
 -5.28743273e-01
 -5.62388923e-01
 -5.59978976e-01
 -4.43048535e-01
 -2.32955365e-01
 1.28604697e-01
 3.42074139e-01
 7.17806445e-01
 9.56387506e-01
 1.03001910e+00
 9.29672239e-01
 7.96970597e-01
 6.72028585e-01
 3.26721658e-01
 1.59387531e-01
 -1.26571513e-01
 -2.33069686e-01
 -2.94579170e-01
 -3.97449546e-01
 -3.18784455e-01
 -3.28013323e-01
 -2.58664874e-01
 -1.61012904e-01
 -9.13513585e-02
 -5.75152515e-03
 1.11840004e-01
 3.29476361e-01
 4.63064073e-01
 3.12395936e-01
