 -2.06456587e-03
 -1.25400133e-01
 -1.67837410e-01
 -1.71588344e-01
 -2.30661836e-01
 -3.00250553e-01
 -3.24437010e-01
 -3.64887619e-01
 -3.88605829e-01
 -4.24036840e-01
 -3.79159682e-01
 -4.54948819e-01
 -3.58449876e-01
 -1.66530092e-01
 5.70396016e-02
 4.07367761e-01
 4.71956395e-01
 7.75753705e-01
 9.01096489e-01
 9.06684188e-01
 8.09360315e-01
 6.73389914e-01
 4.45591478e-01
 3.43020681e-01
 1.26805405e-01
 5.32662602e-04
 -1.64055593e-01
 -2.62947477e-01
 -2.06675110e-01
 -2.77630577e-01
 -2.84227575e-01
 -2.58466721e-01
 -1.66141869e-01
 -9.29542791e-02
 -9.43677515e-02
 1.99797425e-01
 1.69415355e-01
 1.89405847e-01
 2.07388775e-01
