 8.12333300e-02
 5.07200604e-02
 6.74088427e-02
 3.85173902e-02
 9.44774361e-02
 2.47956776e-02
 1.02094828e-01
 1.00243982e-01
 4.04229319e-02
 3.17269251e-02
 4.31731952e-02
 1.02883867e-01
 -1.69827442e-02
 -5.33870443e-02
 -3.38561791e-02
 -1.11260262e-02
 9.69581907e-02
 -1.21573721e-02
 6.40194089e-02
 -1.99064313e-02
 -4.00469038e-02
 1.19820425e-01
 4.16871800e-02
 -1.12384323e-02
 1.30360969e-01
 1.96051083e-02
 1.36378317e-02
 5.87435209e-02
 5.73783538e-02
 7.47197029e-02
 1.62347254e-02
 1.37773999e-01
 9.89076769e-02
 7.28510906e-02
 1.51437626e-01
 1.16347006e-01
 4.09437832e-01
 8.40327220e-02
 -1.99098257e-01
