 -1.23750392e-01
 -2.04013851e-01
 -2.11661942e-01
 -2.77302818e-01
 -3.10755326e-01
 -3.95417479e-01
 -3.71569930e-01
 -4.25907528e-01
 -4.69904971e-01
 -5.09369974e-01
 -4.53266913e-01
 -2.87989169e-01
 -2.95399899e-01
 -1.63906787e-01
 1.36302578e-01
 3.24278080e-01
 6.93122130e-01
 8.65650786e-01
 8.98416937e-01
 8.98242164e-01
 9.19554916e-01
 7.39574542e-01
 6.04336709e-01
 2.89769970e-01
 1.19878272e-01
 -7.28192896e-02
 -2.23510576e-01
 -2.62689936e-01
 -3.56262252e-01
 -2.74092904e-01
 -3.61980622e-01
 -2.06539355e-01
 -3.34509207e-01
 -1.33931208e-01
 -5.05164844e-02
 -3.21866590e-03
 -9.70371916e-02
 2.42011423e-01
 8.02212249e-02
