 -6.94491404e-02
 -1.31831070e-01
 -1.93517324e-01
 -2.09891176e-01
 -2.34557564e-01
 -3.10126420e-01
 -3.91034630e-01
 -3.47632610e-01
 -3.46856772e-01
 -3.93495342e-01
 -4.41276502e-01
 -2.37423545e-01
 -3.81832488e-01
 -1.10104968e-01
 1.30673415e-01
 4.25612914e-01
 4.28833074e-01
 9.17713974e-01
 9.18227530e-01
 9.56604808e-01
 8.28282635e-01
 7.24264332e-01
 6.34671224e-01
 4.51046584e-01
 8.68471817e-02
 4.73867842e-02
 -1.55627364e-01
 -2.42217418e-01
 -4.13016490e-01
 -3.19120778e-01
 -2.68283087e-01
 -3.64662897e-01
 -3.58439758e-01
 -1.86004207e-01
 1.54775746e-01
 8.25778018e-02
 -1.62168076e-01
 -8.17263263e-02
 1.13068511e-01
