 -1.38452703e-01
 -4.62994441e-02
 -8.32502953e-02
 -1.63820636e-01
 -2.06929772e-01
 -3.12016370e-01
 -2.91263076e-01
 -3.30209889e-01
 -2.98363999e-01
 -4.16765218e-01
 -4.74600943e-01
 -3.10024307e-01
 -3.81899658e-01
 -2.00280971e-01
 -6.77861595e-03
 3.22983688e-01
 5.38764089e-01
 6.93547110e-01
 8.39568356e-01
 8.84749710e-01
 9.30450315e-01
 7.71666359e-01
 4.16995610e-01
 3.55953508e-01
 1.70642074e-01
 7.26988086e-02
 -4.48480734e-02
 -2.61116824e-01
 -2.00967182e-01
 -3.91393663e-01
 -3.50892960e-01
 -3.08395740e-01
 -2.63125411e-01
 -1.44757571e-01
 -1.95546416e-01
 -7.51231405e-02
 1.23914262e-01
 3.13566628e-01
 1.95796554e-01
