 -1.33703028e-01
 -1.92095532e-01
 -2.48292340e-01
 -2.91374938e-01
 -2.91019311e-01
 -3.69215513e-01
 -3.29411188e-01
 -3.47759223e-01
 -4.23143672e-01
 -5.09604631e-01
 -4.31693090e-01
 -4.53428297e-01
 -2.97260773e-01
 -1.76413719e-01
 4.51887561e-02
 5.01131198e-01
 5.47972589e-01
 9.25688995e-01
 8.75457108e-01
 9.01189614e-01
 6.31395127e-01
 7.93731183e-01
 6.60990210e-01
 4.43782376e-01
 1.16018547e-01
 -3.06648131e-02
 -1.86009926e-01
 -2.20661703e-01
 -3.08013762e-01
 -2.17847304e-01
 -1.77232613e-01
 -1.41941772e-01
 -2.25706662e-01
 -7.33525961e-02
 6.14404624e-01
 4.61558191e-02
 3.45909322e-01
 -4.76603305e-02
 5.91669012e-01
