 -2.89460243e-02
 -2.63523010e-02
 -5.14065820e-02
 -1.22438146e-01
 -9.79125340e-02
 -1.50346119e-01
 -1.78804534e-01
 -2.93360734e-01
 -3.18410120e-01
 -3.10943426e-01
 -5.49024282e-01
 -4.91658173e-01
 -4.79292240e-01
 -2.41282424e-01
 -1.66331578e-01
 7.99803071e-02
 3.68842880e-01
 6.49809131e-01
 8.67821839e-01
 9.14440980e-01
 8.49233384e-01
 7.09520502e-01
 6.20078183e-01
 3.38679068e-01
 1.16798627e-01
 -1.52529722e-01
 -1.18076850e-01
 -2.02789613e-01
 -3.23049792e-01
 -2.53716680e-01
 -1.92147030e-01
 -2.84365988e-01
 -1.38507650e-01
 -9.68042730e-02
 7.87484678e-02
 2.14576835e-02
 1.86309528e-01
 2.09048658e-01
 9.70807248e-02
