 -1.34429262e-01
 -1.43875524e-01
 -2.29158442e-01
 -2.60463331e-01
 -2.48464807e-01
 -3.45609113e-01
 -3.71884472e-01
 -3.78221806e-01
 -4.21734025e-01
 -4.58201225e-01
 -3.97859701e-01
 -4.43294332e-01
 -2.73249896e-01
 -1.77350513e-01
 1.95816214e-01
 2.94696058e-01
 5.86696579e-01
 8.33469486e-01
 8.26417737e-01
 9.32275544e-01
 8.09404190e-01
 7.01620810e-01
 5.06675682e-01
 3.26406031e-01
 7.65342106e-02
 -4.42945943e-02
 -8.26536459e-02
 -1.65272617e-01
 -3.28990852e-01
 -3.23959606e-01
 -3.28811379e-01
 -2.24978313e-01
 -2.95011373e-01
 -1.86559263e-01
 4.20348492e-02
 5.95729193e-02
 1.16589634e-01
 4.55968311e-02
 3.32514795e-01
