 -1.15676683e-01
 -1.79022100e-01
 -1.69574098e-01
 -2.25472165e-01
 -2.57184028e-01
 -3.17260219e-01
 -3.64065788e-01
 -3.94175904e-01
 -4.61265257e-01
 -3.95484780e-01
 -4.82262119e-01
 -5.04279406e-01
 -2.85497965e-01
 -2.32241864e-01
 6.42231512e-02
 3.11603981e-01
 5.67983894e-01
 8.49438659e-01
 8.65795676e-01
 9.48527914e-01
 9.63215934e-01
 7.36023442e-01
 4.56328626e-01
 2.03674940e-01
 1.49956245e-01
 1.48134866e-01
 -1.11596911e-01
 -2.58720388e-01
 -3.43519718e-01
 -4.64327049e-01
 -3.56990385e-01
 -3.36302031e-01
 -2.47892141e-01
 -1.09985433e-01
 1.06636868e-01
 8.82251841e-02
 2.60521455e-01
 2.74020089e-01
 2.41470891e-01
