 -4.90554226e-02
 -5.52003394e-02
 -1.28716918e-01
 -1.38421473e-01
 -2.20979096e-01
 -2.52291525e-01
 -3.16808708e-01
 -3.24985057e-01
 -3.78807663e-01
 -4.35930196e-01
 -4.40992140e-01
 -3.83059354e-01
 -4.38872281e-01
 -2.86210295e-01
 -4.80688762e-02
 2.51941721e-01
 5.88174379e-01
 8.59054898e-01
 8.68362597e-01
 8.70713692e-01
 7.80774372e-01
 7.00882226e-01
 5.75723573e-01
 4.31765945e-01
 8.36667653e-02
 -1.19030529e-02
 -1.32302321e-01
 -2.66399437e-01
 -3.68611710e-01
 -2.94363171e-01
 -3.02964735e-01
 -3.58608090e-01
 -2.36469257e-01
 -1.42304784e-01
 -1.04462658e-01
 -6.25731100e-02
 -6.56718622e-02
 5.98883919e-02
 1.08099287e-01
