 -3.54097682e-02
 -6.21830452e-02
 -1.49292609e-01
 -1.53134810e-01
 -2.39818618e-01
 -2.36900552e-01
 -2.75153347e-01
 -3.34755479e-01
 -3.48078826e-01
 -4.39417265e-01
 -4.72517776e-01
 -4.72381022e-01
 -3.32131388e-01
 -2.47647690e-01
 2.08176492e-02
 2.87320032e-01
 5.23847453e-01
 7.76457918e-01
 9.18161488e-01
 8.61941162e-01
 1.01126796e+00
 7.57754378e-01
 4.21678807e-01
 3.22091301e-01
 1.57414315e-01
 1.81102843e-02
 -1.92299846e-01
 -2.89139285e-01
 -3.53175008e-01
 -3.09002624e-01
 -3.13205206e-01
 -2.26666164e-01
 -2.10065372e-01
 -7.45642058e-02
 -2.34701501e-01
 1.61496972e-01
 1.60233903e-01
 5.80848852e-02
 1.38426698e-01
