 -1.20086533e-01
 -8.88305490e-02
 -1.54698081e-01
 -1.94560701e-01
 -2.03762426e-01
 -2.55641441e-01
 -3.37921446e-01
 -3.73665291e-01
 -3.89468819e-01
 -4.04745673e-01
 -5.04639118e-01
 -4.11883214e-01
 -3.16508711e-01
 -2.28209833e-01
 -1.39079574e-02
 2.94081144e-01
 5.10189600e-01
 6.91433440e-01
 9.31907978e-01
 8.26669769e-01
 8.25190157e-01
 7.14676993e-01
 4.73967400e-01
 2.36058582e-01
 8.37997993e-02
 -8.10775617e-02
 -1.94324749e-01
 -3.19831647e-01
 -2.41347256e-01
 -2.20250467e-01
 -3.14747532e-01
 -1.80812546e-01
 -2.11127014e-01
 -2.38044951e-01
 -1.17320458e-01
 1.33699015e-01
 4.40776467e-01
 2.49004923e-01
 1.39351437e-01
