 9.99959606e-03
 1.05760607e-01
 1.27057337e-01
 1.67241023e-01
 1.05296849e-01
 1.46235236e-01
 8.53071751e-02
 1.10255728e-01
 5.85403094e-02
 5.43056510e-02
 1.18531360e-01
 -5.32854378e-02
 7.26763820e-02
 -9.74637873e-02
 1.77968261e-02
 -1.94038849e-02
 4.71880389e-02
 2.85646925e-03
 -8.91400965e-02
 1.08010636e-01
 2.01520329e-01
 8.13908326e-02
 1.04122888e-01
 4.56625832e-02
 3.93544549e-03
 1.32666580e-01
 1.13821855e-01
 7.71943345e-02
 4.21893894e-02
 7.58472076e-02
 -3.99685752e-02
 2.53540705e-02
 5.16205324e-02
 1.00526059e-01
 -2.32938631e-01
 4.57481777e-02
 -8.05921044e-02
 7.27431734e-02
 -1.19273872e-01
