 -7.46190418e-03
 4.42398126e-02
 2.94656243e-02
 3.46825733e-02
 5.75302817e-02
 4.12579434e-02
 6.68631480e-02
 3.58489141e-02
 -1.74654238e-02
 1.93803288e-02
 3.63523050e-02
 1.63191482e-02
 1.19425636e-02
 -8.54919352e-02
 1.13730164e-02
 -1.93813225e-02
 8.02340414e-02
 -3.97214345e-03
 5.86752463e-02
 1.09767823e-01
 1.15233016e-02
 5.97203306e-02
 7.21594345e-02
 4.42226787e-02
 7.56160000e-02
 1.07622536e-02
 1.53126176e-02
 1.29139781e-01
 1.22304657e-01
 7.33501922e-02
 7.43346494e-03
 9.21864058e-02
 1.41153669e-01
 4.56316572e-02
 2.58210359e-01
 -5.17428086e-03
 -1.27215607e-01
 1.62011132e-01
 -1.63805469e-01
