 -4.40098977e-02
 -1.47042445e-01
 -1.44585377e-01
 -2.25738914e-01
 -2.40324588e-01
 -3.02355973e-01
 -3.10649209e-01
 -3.91223511e-01
 -3.68438134e-01
 -4.90701210e-01
 -3.88596408e-01
 -2.90782376e-01
 -3.51937317e-01
 -1.27224787e-01
 1.53029285e-02
 3.81536459e-01
 5.86844638e-01
 7.29592756e-01
 8.74697481e-01
 8.91124415e-01
 7.99824978e-01
 6.84923084e-01
 3.58222256e-01
 2.82180429e-01
 1.30039037e-01
 -1.28990234e-02
 -2.13815681e-01
 -2.83486941e-01
 -3.21441268e-01
 -2.67981625e-01
 -3.50857587e-01
 -2.75539328e-01
 -2.20018131e-01
 -1.22439451e-01
 -1.25695949e-01
 1.94641146e-01
 -5.94300426e-02
 6.23176560e-02
 3.23786590e-01
