 -5.92282504e-02
 -4.96362653e-02
 -1.17300255e-01
 -1.38859859e-01
 -2.13549992e-01
 -2.54611242e-01
 -3.03718452e-01
 -3.59206477e-01
 -3.56940260e-01
 -4.00815689e-01
 -4.13359219e-01
 -4.25857503e-01
 -3.12773088e-01
 -2.01353366e-01
 6.98247091e-02
 2.69174176e-01
 4.49099831e-01
 6.71576063e-01
 9.19375499e-01
 9.55230439e-01
 8.12505641e-01
 8.08619096e-01
 4.94643661e-01
 2.87129296e-01
 1.07014805e-01
 1.17516633e-02
 -1.23217788e-01
 -1.91615691e-01
 -2.94009623e-01
 -2.94895039e-01
 -3.14833928e-01
 -2.88332252e-01
 -2.17781182e-01
 -9.68279952e-02
 -1.45628998e-01
 1.20747021e-01
 4.57500545e-02
 2.22962697e-01
 2.34925917e-01
