 -9.12794399e-02
 -5.84229944e-02
 -1.28165541e-01
 -1.50497598e-01
 -1.71141821e-01
 -2.41835382e-01
 -2.65306590e-01
 -3.79020010e-01
 -3.77898899e-01
 -4.28186252e-01
 -4.05483888e-01
 -4.35954535e-01
 -2.98962182e-01
 -1.85024352e-01
 5.89071131e-02
 3.20168286e-01
 6.02594569e-01
 8.09622158e-01
 9.62755393e-01
 8.48471145e-01
 1.02428782e+00
 7.36669801e-01
 5.26888172e-01
 2.92492287e-01
 1.99613533e-01
 1.20258288e-01
 -1.33584484e-01
 -3.47143745e-01
 -2.81869501e-01
 -3.12718414e-01
 -2.91944570e-01
 -2.12962283e-01
 -6.39958871e-02
 4.13518647e-02
 -3.18744383e-01
 8.64387513e-02
 2.49340922e-01
 1.67023087e-01
 1.49869067e-01
