 -6.33362028e-02
 -6.18747681e-02
 -1.19484843e-01
 -1.41871894e-01
 -1.65298407e-01
 -2.30396627e-01
 -3.14042412e-01
 -3.25151131e-01
 -3.86285899e-01
 -3.62536624e-01
 -4.38512013e-01
 -5.05685637e-01
 -3.61150456e-01
 -2.39054948e-01
 1.73613031e-02
 3.86388450e-01
 5.05308858e-01
 8.09150737e-01
 7.81640733e-01
 8.85527901e-01
 8.76949953e-01
 7.83546231e-01
 5.54865923e-01
 2.58067814e-01
 1.34127398e-01
 -4.40035446e-02
 -1.46969781e-01
 -2.76269567e-01
 -2.33887539e-01
 -2.68130608e-01
 -2.31640168e-01
 -2.96824236e-01
 -1.96308765e-01
 -1.71278795e-01
 -1.11616275e-01
 8.16093249e-02
 2.19787232e-01
 2.59155783e-01
 1.64978982e-01
