 -8.45935130e-02
 -8.45686423e-02
 -1.06091917e-01
 -1.67366157e-01
 -1.95764724e-01
 -2.31291238e-01
 -3.05569413e-01
 -3.56775910e-01
 -3.74667673e-01
 -4.02728981e-01
 -4.59400977e-01
 -4.24561021e-01
 -3.72333850e-01
 -2.60800611e-01
 2.38726343e-02
 3.51379179e-01
 5.67003010e-01
 7.40282432e-01
 9.51817352e-01
 9.21902215e-01
 9.13702786e-01
 8.15046236e-01
 5.47296118e-01
 3.10337013e-01
 1.40318686e-01
 3.02374592e-02
 -2.14315196e-01
 -2.77520259e-01
 -3.10622748e-01
 -3.36240682e-01
 -3.51607384e-01
 -2.45617533e-01
 -1.84834996e-01
 -6.14538773e-02
 -1.46983560e-01
 5.83298455e-02
 3.75415493e-01
 -1.03845536e-03
 1.38115245e-01
