 -1.09951636e-01
 -1.21320362e-01
 -1.67237805e-01
 -2.23114970e-01
 -2.61082310e-01
 -3.12621491e-01
 -3.45093840e-01
 -3.93179133e-01
 -4.39965476e-01
 -4.51727492e-01
 -3.87750833e-01
 -3.81173321e-01
 -3.18457734e-01
 -1.64561854e-01
 1.12876613e-01
 2.55848179e-01
 6.19380970e-01
 7.94874051e-01
 8.76533501e-01
 9.19054905e-01
 8.76610107e-01
 8.43512386e-01
 5.93864029e-01
 2.93720472e-01
 1.93216956e-01
 1.40055721e-02
 -1.03117940e-01
 -2.41524662e-01
 -3.08310224e-01
 -3.57324471e-01
 -1.91991031e-01
 -1.78483480e-01
 -1.58859521e-01
 -8.81735898e-02
 -4.03661018e-02
 1.71057889e-01
 1.59246993e-02
 3.02890132e-01
 2.53810924e-01
