 7.10234354e-02
 1.08847162e-01
 7.79432524e-02
 5.68391045e-02
 9.11925527e-02
 6.80383065e-02
 9.76996015e-02
 5.36935487e-02
 5.50343065e-03
 4.80053459e-04
 1.18704397e-01
 1.01760079e-01
 -8.60885558e-02
 -8.04256769e-02
 -8.03210263e-02
 -7.07631430e-02
 -1.79063336e-02
 -3.61663683e-02
 1.11800532e-01
 4.94948149e-03
 -2.79886574e-02
 1.11463015e-01
 -3.98417243e-02
 5.74361606e-03
 3.54285138e-02
 -3.29576036e-02
 -6.27252942e-02
 5.78463654e-02
 6.61743733e-02
 3.11708312e-02
 1.09549066e-01
 9.37249857e-02
 -3.95539916e-02
 7.57206874e-02
 1.59779100e-01
 9.56865765e-02
 1.06892569e-01
 6.11207589e-03
 -1.63826751e-01
