 -2.29331352e-01
 -1.53389498e-01
 -1.92662463e-01
 -2.88800674e-01
 -2.80944142e-01
 -3.48119117e-01
 -4.02428697e-01
 -3.98760457e-01
 -4.81084902e-01
 -4.58461389e-01
 -3.78143400e-01
 -3.36514382e-01
 -2.01717386e-01
 -1.50528606e-01
 1.15200971e-01
 2.86767626e-01
 5.56198964e-01
 7.85407552e-01
 8.79335931e-01
 9.36943358e-01
 8.15343984e-01
 6.38424198e-01
 5.08810727e-01
 4.24645736e-01
 5.89937373e-02
 1.09551283e-02
 -9.26515139e-02
 -2.02836208e-01
 -2.85280320e-01
 -2.25552253e-01
 -3.51337085e-01
 -2.60606347e-01
 -1.77839346e-01
 -1.33916473e-01
 1.66679558e-02
 5.41977633e-03
 -8.51586089e-03
 2.42117187e-01
 2.51141501e-01
