 -5.13783235e-02
 -1.16759115e-01
 -1.55171790e-01
 -1.99107343e-01
 -2.23022922e-01
 -2.66128473e-01
 -3.80977800e-01
 -3.22077007e-01
 -3.97761534e-01
 -4.12838524e-01
 -4.00864861e-01
 -4.65092241e-01
 -4.12003348e-01
 -1.53941019e-01
 6.72715257e-02
 2.70040329e-01
 5.30978237e-01
 7.06819873e-01
 8.46924491e-01
 8.58652257e-01
 8.03208617e-01
 7.41990483e-01
 4.99925658e-01
 2.78115240e-01
 1.38595022e-01
 2.20021215e-02
 -1.39407390e-01
 -2.10971967e-01
 -1.95095721e-01
 -3.24916728e-01
 -2.61875796e-01
 -2.54366973e-01
 -1.13387484e-01
 -1.49933626e-01
 3.20531639e-02
 -6.51494728e-02
 -6.86770829e-02
 6.96626374e-02
 2.28112033e-01
