 -2.42101617e-02
 -2.57901776e-02
 -1.05507479e-01
 -1.41013059e-01
 -1.73977636e-01
 -2.26925784e-01
 -2.88260266e-01
 -2.77587562e-01
 -3.23343236e-01
 -4.06329407e-01
 -4.12299919e-01
 -4.33898935e-01
 -3.59514869e-01
 -1.87840525e-01
 5.21437049e-02
 2.32968756e-01
 5.03022109e-01
 8.72251596e-01
 9.46094054e-01
 9.27248358e-01
 9.21995930e-01
 7.87379654e-01
 5.58041523e-01
 3.92224111e-01
 1.29165972e-01
 -5.26224847e-02
 -1.48295102e-01
 -2.24238007e-01
 -2.98669082e-01
 -3.64105462e-01
 -3.24115926e-01
 -2.36186515e-01
 -2.70198067e-01
 -1.20124749e-01
 1.00668604e-01
 6.95421572e-02
 1.11411284e-01
 5.54487447e-02
 1.22488324e-01
