 8.70068244e-02
 6.99330315e-02
 8.62283802e-02
 1.02688549e-01
 1.08066209e-01
 1.14080930e-01
 1.18253882e-01
 1.49700672e-01
 1.35967637e-02
 2.47718975e-02
 9.69693342e-02
 3.02096956e-02
 5.44633806e-03
 -4.92422427e-02
 5.69782199e-02
 1.63636726e-02
 1.11817767e-01
 -5.91153469e-02
 5.05973223e-04
 4.68847255e-02
 7.55463923e-02
 -6.37385546e-02
 2.48634518e-03
 3.50157670e-02
 2.47446719e-02
 1.21369965e-01
 8.77531904e-03
 4.92879703e-02
 6.65194794e-02
 5.30320766e-03
 3.60624381e-02
 5.07771290e-02
 3.07629078e-02
 9.41903006e-02
 -1.13566645e-01
 1.34241055e-01
 2.08297807e-01
 6.51201904e-02
 -2.66552810e-01
