 8.76026674e-02
 -3.63115186e-02
 -1.26815722e-01
 -1.23700396e-01
 -1.87993422e-01
 -2.62352927e-01
 -2.95508242e-01
 -3.19033048e-01
 -3.32346127e-01
 -3.94741912e-01
 -4.03455367e-01
 -4.06513444e-01
 -3.63156423e-01
 -1.26482161e-01
 7.23314902e-02
 1.98102743e-01
 5.03394829e-01
 7.75219075e-01
 9.97061110e-01
 9.08387404e-01
 8.84626867e-01
 7.47617606e-01
 6.22587905e-01
 3.93702868e-01
 1.47304567e-01
 -5.00039338e-02
 -7.77750007e-02
 -2.02303385e-01
 -2.85894110e-01
 -3.51671882e-01
 -2.35508117e-01
 -3.09994975e-01
 -1.52838641e-01
 -6.12408291e-02
 2.82972711e-03
 -3.49686873e-02
 7.43949078e-02
 -2.21885771e-01
 2.35595704e-01
