 -5.35715928e-02
 -9.23134653e-02
 -1.24621445e-01
 -1.81429353e-01
 -1.93461243e-01
 -2.87801423e-01
 -3.45270697e-01
 -3.49882949e-01
 -4.26413340e-01
 -4.48025547e-01
 -5.22302020e-01
 -5.12811490e-01
 -4.82110663e-01
 -2.81490787e-01
 -2.56349076e-02
 1.94881359e-01
 4.31126830e-01
 8.20764672e-01
 9.43662628e-01
 9.88589760e-01
 9.53778521e-01
 7.62403298e-01
 6.55394127e-01
 3.54278018e-01
 1.40314738e-01
 -8.40911074e-02
 -1.95478307e-01
 -2.55912188e-01
 -3.76565932e-01
 -3.40006099e-01
 -3.31279448e-01
 -3.45243532e-01
 -2.28737062e-01
 -1.70803302e-01
 -1.51458542e-01
 6.95823870e-02
 -5.22865268e-03
 2.10939072e-02
 1.83115825e-01
