 -8.56087412e-02
 -1.96236217e-01
 -1.10989629e-01
 -1.93057745e-01
 -2.30970860e-01
 -3.39913228e-01
 -3.19287208e-01
 -4.21960480e-01
 -3.71286220e-01
 -3.98605470e-01
 -4.33931069e-01
 -4.50813046e-01
 -3.27793799e-01
 -1.97223106e-01
 4.71516761e-02
 4.13892646e-01
 4.84383125e-01
 7.22383204e-01
 9.09346339e-01
 9.99067314e-01
 8.06881262e-01
 6.83804506e-01
 4.54107881e-01
 3.11272089e-01
 5.49676958e-02
 -4.39946827e-02
 -2.23377459e-01
 -2.97107906e-01
 -3.35015665e-01
 -2.58346767e-01
 -3.87444285e-01
 -3.09195418e-01
 -3.19500034e-01
 -1.69410161e-01
 -2.58737003e-01
 1.48919131e-01
 -3.62478947e-02
 -1.10050007e-01
 2.34687697e-01
