 -3.63410599e-02
 -4.24571256e-02
 -7.07980669e-02
 -1.43245634e-01
 -1.82143752e-01
 -1.92902175e-01
 -3.11421759e-01
 -3.25700559e-01
 -3.99911728e-01
 -4.22201060e-01
 -4.04496096e-01
 -3.35271998e-01
 -2.64067506e-01
 -1.22120381e-01
 6.74656078e-02
 3.02763917e-01
 5.17166759e-01
 8.15968516e-01
 7.67161815e-01
 9.72578879e-01
 7.85361342e-01
 6.79877633e-01
 5.19251446e-01
 2.81263119e-01
 1.30783068e-01
 -3.12653193e-02
 -1.51022976e-01
 -2.30364732e-01
 -2.67071086e-01
 -2.52023685e-01
 -2.43579945e-01
 -2.88614608e-01
 -2.23719228e-01
 -1.59292403e-01
 -2.10675186e-01
 7.32518684e-02
 -7.19022146e-02
 -1.74961303e-01
 2.88607591e-01
