 -2.01993898e-01
 -2.31622205e-01
 -2.56214278e-01
 -2.99328928e-01
 -3.75981697e-01
 -3.53719478e-01
 -3.82671858e-01
 -4.66281456e-01
 -3.91695438e-01
 -3.93808451e-01
 -5.31472108e-01
 -4.39498462e-01
 -3.13037198e-01
 -1.22998013e-01
 1.15264986e-01
 3.84492100e-01
 6.80254724e-01
 8.80678388e-01
 9.83890031e-01
 9.90217698e-01
 8.58923527e-01
 8.12808037e-01
 5.34378277e-01
 3.80005690e-01
 4.64028243e-02
 7.95891368e-02
 -9.47054661e-02
 -2.66241840e-01
 -2.41281981e-01
 -4.08198266e-01
 -3.36795067e-01
 -1.36380393e-01
 -1.92680371e-01
 -1.57054457e-01
 2.90418335e-01
 -8.15898638e-02
 1.06219039e-01
 3.04124910e-01
 1.62987495e-01
