 -1.92597582e-01
 -1.67432436e-01
 -2.38739129e-01
 -2.56533252e-01
 -2.91415120e-01
 -3.92962262e-01
 -4.12657672e-01
 -4.65609041e-01
 -4.39569255e-01
 -4.41137217e-01
 -5.24456734e-01
 -2.73772795e-01
 -2.67441367e-01
 -1.59775482e-01
 1.40007931e-01
 3.78484794e-01
 7.60702511e-01
 8.44127772e-01
 8.92809376e-01
 1.03721494e+00
 8.79955814e-01
 7.65205661e-01
 5.50007244e-01
 3.27414842e-01
 1.83531154e-01
 4.27897177e-02
 -1.23571947e-01
 -2.85451958e-01
 -3.62286267e-01
 -3.56564136e-01
 -4.18261600e-01
 -2.24177284e-01
 -2.79813024e-01
 -1.62626325e-01
 3.69829643e-02
 5.47101704e-02
 3.95481704e-02
 1.22998466e-02
 -3.27702095e-02
