 -7.85814838e-02
 -9.84648272e-02
 -2.06659151e-01
 -1.80049453e-01
 -2.30777998e-01
 -2.79562250e-01
 -3.01483482e-01
 -3.21140448e-01
 -4.02746124e-01
 -4.00747048e-01
 -3.68738608e-01
 -3.65127040e-01
 -2.59569448e-01
 -1.21403313e-01
 1.73566781e-01
 2.78695913e-01
 6.01409812e-01
 7.16242097e-01
 9.34902013e-01
 8.66695698e-01
 7.80569318e-01
 6.90493015e-01
 4.85984615e-01
 2.02597264e-01
 2.02017169e-01
 5.24478704e-03
 -1.46947071e-01
 -2.66326697e-01
 -3.20895137e-01
 -4.22500983e-01
 -2.98230071e-01
 -2.77531297e-01
 -1.82374442e-01
 -1.19381681e-01
 -1.21831423e-01
 1.38442555e-01
 -3.05408170e-02
 2.48806909e-01
 2.63994739e-01
