 -1.14045522e-01
 -1.54618196e-01
 -1.63252096e-01
 -2.88878611e-01
 -2.71020240e-01
 -3.71226889e-01
 -3.52453095e-01
 -4.27684418e-01
 -4.39026776e-01
 -4.92601075e-01
 -4.23780429e-01
 -3.72744782e-01
 -3.18764446e-01
 -1.54520266e-01
 8.90326676e-02
 4.36202660e-01
 7.04290883e-01
 7.70565422e-01
 9.29904697e-01
 1.00009942e+00
 8.64589324e-01
 7.64597630e-01
 5.06034588e-01
 3.07780479e-01
 1.84154410e-01
 -1.05418770e-02
 -1.83454266e-01
 -2.42456779e-01
 -3.81616972e-01
 -2.74889286e-01
 -3.32411139e-01
 -2.58683136e-01
 -2.32919316e-01
 -2.58049390e-01
 1.50193800e-01
 -1.65971971e-01
 5.17744229e-02
 1.77416918e-01
 -1.34859734e-01
