 2.36628132e-02
 9.92324616e-02
 9.53017589e-02
 6.63490734e-02
 5.18633171e-02
 -9.12102878e-05
 6.85319524e-02
 2.40635767e-02
 5.27130361e-02
 3.84991298e-02
 7.31198026e-03
 -3.45462422e-02
 -4.37746006e-02
 -2.72671049e-02
 -1.93900268e-02
 3.52728481e-02
 9.20161614e-02
 1.15918600e-02
 -3.65629846e-02
 1.01125194e-01
 -2.52200283e-03
 7.92435413e-02
 3.01146677e-02
 6.23169448e-02
 7.07406803e-02
 6.98387794e-02
 2.26923321e-02
 5.66405885e-02
 5.52944176e-02
 1.33492488e-01
 1.24090961e-02
 9.39285578e-02
 1.22404061e-01
 5.95470133e-02
 1.44762545e-01
 1.11732700e-01
 1.01879380e-01
 9.40072234e-02
 -6.20548591e-02
