 1.68107015e-02
 -4.69030284e-02
 -1.38452074e-01
 -1.57144666e-01
 -1.75665594e-01
 -2.14695759e-01
 -3.00893410e-01
 -2.68380476e-01
 -3.73495456e-01
 -4.10825366e-01
 -4.57010643e-01
 -4.52937675e-01
 -4.68680878e-01
 -2.31798333e-01
 3.87043905e-02
 2.18331990e-01
 4.66441717e-01
 7.89577056e-01
 8.95501653e-01
 9.74855899e-01
 8.85720208e-01
 7.18443373e-01
 6.56303657e-01
 3.89307582e-01
 1.90088902e-01
 -7.07688091e-02
 -1.96891770e-01
 -2.25896479e-01
 -2.72193421e-01
 -3.53255688e-01
 -3.45885835e-01
 -3.18374666e-01
 -2.47779290e-01
 -1.67781429e-01
 -3.53126652e-02
 1.69281883e-02
 -1.21222453e-01
 1.17412304e-01
 1.08587447e-01
