-0.08545574231885712
-0.12061511594714287
-0.15855437179714285
-0.2018051628857143
-0.23316180645714288
-0.2914569285
-0.32862135649999996
-0.36626397101428576
-0.3936602544428571
-0.42198298868571427
-0.4290651887428572
-0.3910886446
-0.32586855235714285
-0.1593175055585714
0.06914266239214285
0.32739375465714293
0.5615153979714286
0.8067945892285715
0.9107665594285715
0.9170862805428571
0.8654869751714286
0.726450284642857
0.5125341973714287
0.31494207554285714
0.1448226680042857
0.003273325211028571
-0.13826166788671432
-0.2374136825685714
-0.30634185094285715
-0.3125800942571428
-0.30926944002857143
-0.25398843923428566
-0.1966588620442857
-0.10952529910085715
-0.010144362251585716
0.08650099351557143
0.07511693362471426
0.15065439271314288
0.20577528036400006
