 8.57687764e-02
 6.44480092e-02
 8.79527693e-02
 8.74411163e-02
 7.03955686e-02
 3.33509315e-02
 7.13579717e-02
 1.82834279e-02
 4.30674512e-02
 6.64137503e-02
 5.38108209e-02
 3.89831181e-02
 1.36806522e-03
 -3.39459929e-02
 -3.78577261e-04
 4.33291466e-02
 3.42670206e-02
 7.31070185e-02
 1.24264861e-01
 7.92211218e-02
 5.35466709e-03
 9.47012314e-02
 1.98639603e-02
 9.61842641e-02
 8.14961130e-02
 -8.91899725e-02
 1.54482737e-02
 1.46203327e-02
 -1.47128374e-02
 -1.09847031e-02
 -4.11739344e-02
 1.12166547e-02
 8.07075598e-02
 2.02645072e-02
 -5.37444043e-03
 1.93111743e-01
 -2.43867693e-01
 -1.32061710e-02
 -6.92874126e-02
