 -6.08638838e-02
 -3.28671834e-02
 -1.26553423e-01
 -1.39034416e-01
 -1.82073689e-01
 -2.37447011e-01
 -3.28337503e-01
 -3.26329043e-01
 -3.19038798e-01
 -4.32347232e-01
 -4.04292026e-01
 -3.97296728e-01
 -3.76006196e-01
 -1.56356956e-01
 7.31870316e-02
 3.10151172e-01
 5.01997177e-01
 7.18152096e-01
 8.96901300e-01
 9.55278762e-01
 8.45120945e-01
 8.12563385e-01
 5.19214772e-01
 2.67066243e-01
 8.67468572e-02
 3.50716009e-02
 -1.50894215e-01
 -2.93754296e-01
 -3.34313268e-01
 -2.68090963e-01
 -3.12647267e-01
 -3.08480932e-01
 -2.08224495e-01
 -1.28681570e-01
 -8.67979361e-02
 -1.12405441e-02
 -8.37661723e-02
 3.44964866e-03
 2.63301310e-01
