 -9.70520348e-02
 -1.28680413e-01
 -1.49503889e-01
 -2.56011001e-01
 -2.31157646e-01
 -2.92525764e-01
 -3.07847359e-01
 -3.68667436e-01
 -4.17258750e-01
 -4.27414997e-01
 -4.05746075e-01
 -4.49758220e-01
 -2.84424015e-01
 -1.27723976e-01
 1.15483336e-01
 2.86316044e-01
 5.84696821e-01
 7.55271295e-01
 9.53339040e-01
 8.56110431e-01
 9.05666329e-01
 6.83819431e-01
 5.24641061e-01
 1.94205865e-01
 1.38354687e-01
 -1.11092122e-01
 -7.75136209e-02
 -1.48345170e-01
 -3.45149219e-01
 -2.13622248e-01
 -2.70499419e-01
 -2.77759082e-01
 -1.39923540e-01
 -3.24538730e-02
 3.90508179e-04
 1.54392838e-02
 4.16397865e-02
 1.71464337e-01
 3.77201587e-01
