 1.66959889e-01
 1.47463954e-01
 2.81757374e-02
 7.00581895e-02
 1.07000537e-01
 9.18107636e-02
 1.01049753e-01
 1.27412703e-01
 -1.99080785e-02
 2.12696505e-02
 9.63426724e-02
 6.63436756e-02
 -1.25470662e-01
 -2.93710652e-02
 8.08364011e-02
 -6.78595917e-02
 1.00374484e-01
 1.06862326e-02
 5.49951408e-02
 -8.70669268e-03
 8.23390685e-02
 2.18247102e-01
 1.47451154e-01
 7.19353722e-02
 -6.43031683e-02
 2.93117671e-02
 6.95535111e-02
 2.33654939e-02
 1.86170974e-01
 1.35772225e-01
 1.39592486e-01
 1.21302285e-01
 9.29752993e-02
 1.12701171e-01
 -3.43144565e-02
 5.16669222e-02
 5.83982798e-02
 1.82556792e-01
 -1.72082894e-01
