 3.98598278e-02
 -5.86800051e-02
 -6.76344505e-02
 -9.61942285e-02
 -1.03562678e-01
 -1.92610914e-01
 -1.66666692e-01
 -2.32806637e-01
 -2.16068844e-01
 -2.71177646e-01
 -3.89543910e-01
 -2.99577174e-01
 -3.37991540e-01
 -1.52073515e-01
 5.22754111e-03
 1.36402292e-01
 3.58556673e-01
 5.50591817e-01
 7.29168705e-01
 7.06034954e-01
 6.42042907e-01
 3.93139028e-01
 4.44221891e-01
 3.13444050e-01
 1.43968821e-01
 -3.60931245e-02
 -1.09805450e-01
 -1.82408744e-01
 -2.63362484e-01
 -1.53497958e-01
 -1.57977661e-01
 -1.47337569e-01
 -7.19531454e-02
 -3.91037218e-02
 3.59998005e-02
 1.67878912e-02
 -7.36550544e-02
 1.71920453e-01
 1.47853090e-01
