 9.35091804e-02
 -9.55777615e-02
 -1.05512751e-01
 -1.52493373e-01
 -1.51131783e-01
 -2.37090085e-01
 -2.38040984e-01
 -3.07357768e-01
 -3.68364379e-01
 -4.10291578e-01
 -3.79235133e-01
 -3.70606601e-01
 -3.65855351e-01
 -7.80848161e-02
 6.12773623e-02
 4.16394553e-01
 5.61293672e-01
 7.77209907e-01
 8.57810311e-01
 9.00925584e-01
 8.15469774e-01
 7.62839389e-01
 5.10017121e-01
 2.74358766e-01
 2.30844040e-01
 3.14963042e-02
 -1.14308322e-01
 -1.83590176e-01
 -2.55191786e-01
 -2.93254098e-01
 -3.13247675e-01
 -2.31900850e-01
 -1.65067279e-01
 -5.31721129e-02
 -8.73672956e-02
 1.33900839e-01
 2.70873108e-01
 2.80952555e-01
 2.39296924e-01
