 -4.11747624e-03
 -3.72392127e-02
 -1.07161228e-01
 -1.64601070e-01
 -1.75716486e-01
 -2.07820023e-01
 -2.87701061e-01
 -3.49617898e-01
 -4.41745087e-01
 -4.32762553e-01
 -4.05775774e-01
 -3.18924303e-01
 -3.71987360e-01
 -2.37714174e-01
 -4.87776170e-02
 2.73194520e-01
 5.19393706e-01
 8.19764778e-01
 9.18628536e-01
 8.74946581e-01
 7.85864338e-01
 6.89945412e-01
 5.19030353e-01
 3.47756071e-01
 1.69125761e-01
 -5.66641407e-02
 -1.30242649e-01
 -2.70250875e-01
 -2.88010697e-01
 -2.85491589e-01
 -3.01974324e-01
 -2.91128606e-01
 -2.31179828e-01
 -1.00562755e-01
 -2.45196476e-01
 1.27218634e-01
 -1.51585199e-01
 1.33702268e-02
 8.36334663e-02
