 -8.96460851e-02
 -1.15584006e-01
 -1.41495148e-01
 -1.62003494e-01
 -2.40354673e-01
 -2.86148792e-01
 -2.83965672e-01
 -3.18932664e-01
 -4.01234619e-01
 -3.56117802e-01
 -4.52728927e-01
 -3.46233778e-01
 -3.36012289e-01
 -1.42452564e-01
 8.52478411e-02
 1.96067357e-01
 7.12161604e-01
 7.87311876e-01
 8.08027340e-01
 9.15285786e-01
 8.08814243e-01
 7.76690059e-01
 6.00027856e-01
 3.22386374e-01
 2.08881873e-01
 1.58007780e-01
 -8.96127716e-02
 -2.71665762e-01
 -3.43951330e-01
 -3.02964655e-01
 -3.23532994e-01
 -1.84489098e-01
 -1.07235061e-01
 -3.04770936e-02
 -7.47543667e-02
 2.52087481e-01
 2.46091202e-02
 1.42280831e-01
 1.35916597e-01
