 -6.63072087e-02
 -1.01289309e-01
 -1.55243965e-01
 -1.36403305e-01
 -1.72667631e-01
 -2.70393588e-01
 -3.12771323e-01
 -3.30265678e-01
 -4.42568702e-01
 -4.52666030e-01
 -4.45228365e-01
 -4.88155604e-01
 -4.38761499e-01
 -2.37071598e-01
 2.17343247e-02
 2.76847558e-01
 4.35508841e-01
 7.97465482e-01
 8.92290780e-01
 1.04262592e+00
 9.19521930e-01
 7.75848522e-01
 6.20922719e-01
 3.63426538e-01
 1.49607021e-01
 -2.85446307e-03
 -2.69177268e-01
 -2.35735653e-01
 -3.14528374e-01
 -3.21815845e-01
 -3.51754669e-01
 -2.75057934e-01
 -2.45510895e-01
 -6.84311604e-02
 -6.78491575e-02
 -2.16766169e-02
 7.26899895e-02
 2.48533236e-01
 1.12510367e-01
