 -1.20964040e-01
 -1.68644412e-01
 -1.31062233e-01
 -2.16228474e-01
 -2.79539880e-01
 -2.83855798e-01
 -3.28708418e-01
 -4.02460565e-01
 -4.30112499e-01
 -3.63332274e-01
 -4.48193668e-01
 -4.13076895e-01
 -3.25641072e-01
 -1.85887920e-01
 5.77542474e-03
 3.05449741e-01
 4.61759133e-01
 8.21991766e-01
 9.35303200e-01
 8.79537626e-01
 9.51168963e-01
 6.28450161e-01
 4.91444162e-01
 2.26951195e-01
 1.24497936e-01
 6.15252174e-02
 -8.58635858e-02
 -2.46461799e-01
 -2.73828383e-01
 -4.00371536e-01
 -3.86895614e-01
 -2.27571298e-01
 -2.96525704e-01
 -1.00891824e-01
 6.45173273e-03
 7.22722782e-02
 -1.06224706e-01
 1.32069079e-01
 2.91104832e-01
