 -7.55812547e-02
 -7.93515619e-02
 -1.09798112e-01
 -1.33937785e-01
 -2.00870211e-01
 -2.38121835e-01
 -3.21909746e-01
 -3.73921858e-01
 -4.25304259e-01
 -3.48511116e-01
 -4.16927021e-01
 -4.76433301e-01
 -3.49075042e-01
 -2.33130164e-01
 -1.00851622e-02
 2.41650831e-01
 4.96527789e-01
 7.02755507e-01
 8.46149912e-01
 9.57258813e-01
 7.84652929e-01
 7.28675508e-01
 4.65943770e-01
 2.30565334e-01
 6.03376279e-02
 -9.62370166e-02
 -1.65451949e-01
 -3.01273437e-01
 -2.80107210e-01
 -2.57060427e-01
 -3.25427522e-01
 -2.46605225e-01
 -1.98712416e-01
 -1.11772749e-01
 -2.47491562e-02
 1.17816435e-02
 3.88403512e-01
 1.85719605e-01
 2.08574279e-01
