 -1.77048810e-02
 -9.63612431e-02
 -1.51578475e-01
 -2.28507287e-01
 -2.02335408e-01
 -2.70225613e-01
 -3.01257817e-01
 -3.34451209e-01
 -4.18360935e-01
 -3.91739543e-01
 -4.41329740e-01
 -3.83967699e-01
 -3.61694743e-01
 -1.40570181e-01
 1.32779754e-01
 4.81218136e-01
 4.76397582e-01
 8.28640840e-01
 9.14177207e-01
 8.32169129e-01
 7.76880118e-01
 6.67257492e-01
 5.29909718e-01
 2.92330260e-01
 2.01579758e-01
 7.19592825e-02
 -1.75638607e-01
 -2.18348451e-01
 -2.51271449e-01
 -3.29121577e-01
 -3.52542216e-01
 -2.97770447e-01
 -1.92098988e-01
 -1.78734038e-01
 4.82595418e-02
 2.54521612e-01
 1.10232133e-01
 2.36006329e-01
 8.79204148e-03
