 -7.37754231e-02
 -6.72643726e-02
 -1.49167221e-01
 -1.79147178e-01
 -2.15217918e-01
 -2.55548219e-01
 -3.15857842e-01
 -3.94180781e-01
 -3.66083296e-01
 -3.86228158e-01
 -3.85861467e-01
 -4.52348130e-01
 -3.70506801e-01
 -1.28950035e-01
 9.78057313e-02
 2.92543712e-01
 4.99577232e-01
 7.65981332e-01
 9.76588497e-01
 8.94163106e-01
 8.03207319e-01
 6.31947126e-01
 4.90455757e-01
 3.09838033e-01
 1.22062316e-01
 -2.65821746e-02
 -9.48735615e-02
 -2.52602900e-01
 -3.31544808e-01
 -3.29689712e-01
 -3.40278079e-01
 -3.12129953e-01
 -2.41666201e-01
 -2.08583679e-01
 -1.92098793e-01
 1.18682681e-01
 -1.77973861e-02
 -1.02120248e-02
 6.17542530e-02
