 2.44424856e-03
 4.40738120e-02
 4.41543080e-02
 1.63862128e-02
 3.72470257e-02
 1.76543585e-02
 7.39131144e-02
 1.85799944e-02
 4.88704442e-03
 4.50396257e-02
 3.22709104e-02
 -3.39247229e-02
 -4.45176184e-02
 -1.98315838e-02
 -2.76914030e-02
 -3.35615069e-02
 7.06961985e-02
 -6.61539470e-02
 4.75267991e-03
 9.85508496e-02
 1.09759842e-02
 6.26991500e-02
 1.01976455e-01
 -3.24185803e-02
 4.98520175e-02
 6.56016856e-02
 6.17736910e-03
 7.85451925e-02
 7.02914410e-02
 1.65219230e-01
 5.82249504e-02
 1.06787650e-01
 1.05377850e-01
 7.24194724e-03
 8.63496980e-02
 4.71779546e-02
 8.33377648e-02
 -4.90140112e-02
 -9.27994296e-02
