 -4.85966482e-02
 -3.18545109e-02
 -9.57449142e-02
 -1.68402995e-01
 -1.73172302e-01
 -2.53369191e-01
 -2.46786734e-01
 -3.65491640e-01
 -3.63619227e-01
 -4.35571654e-01
 -4.32988673e-01
 -4.10063823e-01
 -2.85190004e-01
 -1.72973386e-01
 1.77767958e-03
 3.44231820e-01
 5.74359030e-01
 8.66983768e-01
 9.50329022e-01
 9.21138794e-01
 9.35237715e-01
 7.27526238e-01
 5.03228806e-01
 3.15047195e-01
 2.23127789e-01
 6.06532144e-02
 -1.52073738e-01
 -2.59740890e-01
 -3.05065419e-01
 -3.59422481e-01
 -3.06518956e-01
 -3.05796546e-01
 -1.13599053e-01
 -4.88021950e-04
 -2.30863509e-01
 1.10304955e-01
 4.98498032e-01
 1.00777911e-01
 3.30101299e-02
