 1.10367735e-01
 1.21987543e-01
 1.02120317e-01
 8.62566395e-02
 9.37387790e-02
 5.23581804e-02
 9.86843695e-02
 4.41671361e-02
 5.14720489e-02
 2.74321924e-02
 8.40945516e-02
 1.12225066e-02
 5.91383297e-02
 -4.11162567e-02
 2.49976576e-02
 6.45363422e-02
 4.67444635e-02
 2.90851775e-02
 1.37785164e-02
 5.63807640e-02
 8.05364758e-02
 -5.85175719e-03
 2.00955800e-02
 3.77413488e-02
 4.97230683e-02
 -4.28168036e-02
 -4.02368179e-02
 5.08649543e-02
 -1.57103702e-02
 1.92973947e-02
 -3.17732911e-02
 1.73947061e-02
 5.85590870e-03
 -1.92288548e-03
 8.94789237e-02
 2.53062474e-02
 2.20720046e-02
 -3.94567341e-02
 5.87916259e-02
