 -2.15725347e-01
 -1.44895349e-01
 -3.01675445e-01
 -2.92360142e-01
 -3.12544462e-01
 -3.11070400e-01
 -4.25078310e-01
 -4.41087509e-01
 -5.16311026e-01
 -4.09823645e-01
 -4.47241189e-01
 -2.74414258e-01
 -2.76913901e-01
 -9.66599212e-02
 -1.93886722e-02
 3.56991909e-01
 4.92663237e-01
 1.03206884e+00
 8.67496189e-01
 8.75683168e-01
 9.60956398e-01
 7.31717200e-01
 6.69039935e-01
 1.53873375e-01
 1.43680071e-01
 -4.01459511e-02
 -2.13229607e-01
 -1.49816967e-01
 -3.06812853e-01
 -2.85170311e-01
 -2.54576849e-01
 -2.09729664e-01
 -1.07500049e-01
 -3.60924714e-01
 2.56751455e-01
 2.76094520e-01
 -7.87334950e-02
 -1.01933424e-01
 2.41716327e-01
