 -3.70778468e-02
 -1.61389428e-01
 -1.12335827e-01
 -2.10319813e-01
 -2.27405152e-01
 -2.63461794e-01
 -3.44985311e-01
 -3.40163136e-01
 -3.97588375e-01
 -3.74772877e-01
 -4.10980727e-01
 -3.65495591e-01
 -2.33330482e-01
 -1.66850949e-01
 -4.31506639e-02
 3.68290598e-01
 5.29519587e-01
 8.96222687e-01
 9.50757725e-01
 9.83420729e-01
 8.10096102e-01
 7.31721710e-01
 5.47534556e-01
 1.78996371e-01
 2.04667919e-01
 9.10848984e-02
 -1.83588991e-01
 -3.27525838e-01
 -2.36296350e-01
 -3.80913725e-01
 -3.57436653e-01
 -2.92797986e-01
 -3.03723072e-01
 -7.82576351e-03
 8.48438935e-02
 2.20539750e-01
 -1.59623278e-01
 1.75917075e-01
 4.18956612e-02
