-0.08564133695239436
-0.12071729358169016
-0.1591051726028169
-0.20153972443661972
-0.23274594401408452
-0.2915770241408451
-0.3282522924647888
-0.36581011907042255
-0.3947665980845071
-0.422209165943662
-0.42969270233802825
-0.3918942805070422
-0.3263903005915493
-0.16060062119859153
0.06712006917535213
0.3267170183802817
0.5610634668028168
0.8049143353943664
0.9115667338591549
0.916464218
0.8647734212253522
0.7270838998169014
0.512696031
0.3142629100985916
0.1442635579056338
0.0022477888841126773
-0.1387929287333803
-0.23684698033521126
-0.30513314285915494
-0.31134523083098586
-0.3100926385070423
-0.2535880917380281
-0.19626832453661971
-0.10838469942760566
-0.011559104867760564
0.08700701925478875
0.0781972130525352
0.15132110542140847
0.20721022076732395
