 -8.10853131e-02
 -1.26591990e-01
 -1.81984919e-01
 -1.39704431e-01
 -2.29403084e-01
 -2.70225152e-01
 -3.18945474e-01
 -3.62721542e-01
 -3.16904870e-01
 -4.23706940e-01
 -4.20633651e-01
 -4.14524720e-01
 -3.53112387e-01
 -1.79114086e-01
 7.99923663e-02
 3.18687559e-01
 5.57364650e-01
 7.12440026e-01
 8.58814090e-01
 9.44341198e-01
 8.89621844e-01
 8.44611556e-01
 5.16045649e-01
 3.82761550e-01
 2.08754672e-01
 4.42309577e-02
 -1.80287658e-01
 -2.22853626e-01
 -3.47741991e-01
 -2.69020887e-01
 -2.95023539e-01
 -2.52000878e-01
 -2.35315351e-01
 -1.75006989e-01
 2.44541054e-02
 1.04568278e-01
 2.46299007e-01
 1.39735025e-01
 2.49348112e-01
