 7.57992266e-02
 1.00755543e-01
 1.14657552e-01
 1.30419457e-01
 1.13208500e-01
 1.61370588e-01
 8.27597226e-02
 1.27545930e-01
 2.47636792e-02
 1.43735445e-02
 1.16742081e-01
 -4.39988642e-02
 8.71747030e-02
 2.25821933e-02
 2.32582921e-02
 1.11867734e-01
 1.13264405e-01
 -3.95155297e-02
 -2.28248796e-02
 4.01789996e-02
 1.49111056e-01
 9.45225394e-02
 7.96700259e-02
 -2.45161231e-02
 1.60409333e-02
 1.07674640e-01
 3.25856903e-02
 1.49861005e-02
 3.60843723e-02
 -1.11886676e-02
 -2.28789196e-03
 6.64365271e-02
 -5.85589659e-02
 -2.88980678e-02
 -4.46555694e-02
 -1.12015249e-01
 -1.35908747e-01
 1.91985637e-01
 -2.23263308e-01
