 -1.30017382e-01
 -1.03329179e-01
 -8.94691692e-02
 -1.35436880e-01
 -2.42239975e-01
 -3.03856171e-01
 -2.41964575e-01
 -3.89384482e-01
 -2.55827077e-01
 -4.20834009e-01
 -3.57509550e-01
 -3.44045145e-01
 -2.95537678e-01
 -1.06797799e-01
 1.00153708e-01
 3.34821282e-01
 5.02278888e-01
 7.40414200e-01
 7.55294188e-01
 8.69635272e-01
 7.85795644e-01
 7.35675415e-01
 4.75072839e-01
 3.58672536e-01
 5.41607481e-02
 -6.57465103e-02
 -6.52150579e-02
 -2.78401410e-01
 -2.92869081e-01
 -3.26688607e-01
 -2.64682293e-01
 -2.75861811e-01
 -1.71127292e-01
 -1.22434143e-01
 -1.31109720e-01
 1.80668389e-01
 1.77958206e-02
 3.89417331e-01
 2.36364301e-01
