 -9.28113979e-02
 -1.36905173e-01
 -1.72364585e-01
 -2.32812601e-01
 -2.61473665e-01
 -3.46461169e-01
 -3.23421038e-01
 -3.55622436e-01
 -4.26838920e-01
 -3.81217997e-01
 -4.53573630e-01
 -4.41105803e-01
 -2.15935844e-01
 -1.56392856e-01
 3.30255665e-02
 4.08162614e-01
 5.65076298e-01
 6.41348230e-01
 8.82192337e-01
 8.96036593e-01
 8.33922168e-01
 6.53562004e-01
 3.46703244e-01
 2.56180045e-01
 1.89361675e-01
 6.14097419e-02
 -3.12107075e-02
 -2.01328366e-01
 -2.83981698e-01
 -4.01711891e-01
 -3.49431821e-01
 -2.55476012e-01
 -1.10614792e-01
 5.17484866e-02
 1.54235678e-01
 7.05945619e-02
 -1.04086983e-01
 4.09246135e-01
 3.55318483e-01
