 -1.66925960e-02
 -1.87524914e-01
 -1.49966229e-01
 -2.36436449e-01
 -2.72649396e-01
 -2.60301240e-01
 -2.67351269e-01
 -3.72690921e-01
 -4.40063574e-01
 -4.08327775e-01
 -4.56006651e-01
 -4.05724955e-01
 -3.68122161e-01
 -1.75373588e-01
 5.80030753e-02
 3.75294634e-01
 5.94733705e-01
 7.91336931e-01
 9.51872632e-01
 9.51997620e-01
 8.49852495e-01
 5.89319457e-01
 5.08720437e-01
 3.57525952e-01
 1.09728317e-01
 1.09504992e-01
 -1.47037569e-01
 -2.30616994e-01
 -2.19195617e-01
 -3.48324536e-01
 -2.55985387e-01
 -2.44001509e-01
 -1.71941003e-01
 -6.23085770e-02
 3.01061909e-01
 1.74452887e-01
 2.85652798e-01
 1.47980668e-01
 4.08021319e-01
