 3.13453926e-03
 -8.20856615e-02
 -1.59441225e-01
 -1.52913970e-01
 -2.40340580e-01
 -2.82922056e-01
 -3.73425788e-01
 -3.61509214e-01
 -3.93446092e-01
 -4.44096760e-01
 -5.01418171e-01
 -2.90735581e-01
 -3.60402153e-01
 -1.52754963e-01
 1.08228188e-01
 3.95668226e-01
 5.15233288e-01
 9.49889151e-01
 8.77206881e-01
 9.64734654e-01
 9.12262486e-01
 7.75888741e-01
 6.29800478e-01
 3.44408420e-01
 4.38137260e-02
 -5.72923528e-02
 -2.32194799e-01
 -2.62556850e-01
 -3.35801684e-01
 -3.16800362e-01
 -3.25631509e-01
 -3.60791166e-01
 -2.57452089e-01
 -2.41950504e-01
 1.35780316e-01
 1.74154159e-01
 -1.49601145e-01
 -7.94884606e-02
 -4.29917832e-02
