 -1.30086598e-01
 -1.98524580e-01
 -2.00950182e-01
 -2.45473854e-01
 -2.32059440e-01
 -3.60921649e-01
 -3.50768010e-01
 -4.17270292e-01
 -3.59024260e-01
 -4.44637439e-01
 -4.71224710e-01
 -3.59475221e-01
 -3.22998133e-01
 -1.17101688e-01
 2.27605788e-03
 4.15435701e-01
 5.02260919e-01
 6.32176777e-01
 9.16214559e-01
 8.47687332e-01
 8.44433072e-01
 6.06842541e-01
 5.04025256e-01
 3.93529686e-01
 1.40874852e-01
 5.31395798e-02
 -1.25065363e-01
 -2.70051834e-01
 -3.01496290e-01
 -2.22397063e-01
 -3.00664431e-01
 -3.06478759e-01
 -2.32698956e-01
 -1.21315901e-01
 -2.93106472e-01
 2.28942085e-01
 3.18595998e-02
 3.18984405e-01
 5.06711059e-01
