 7.60392470e-03
 -4.08910603e-03
 -8.96019705e-02
 -8.83658144e-02
 -1.25088526e-01
 -1.93053061e-01
 -1.78471266e-01
 -2.78015981e-01
 -3.69412088e-01
 -4.65429599e-01
 -4.95747941e-01
 -5.22742729e-01
 -4.17502808e-01
 -3.20672777e-01
 -2.28057921e-01
 1.72542803e-01
 3.73430434e-01
 7.25683499e-01
 1.03844453e+00
 9.53440991e-01
 9.96826560e-01
 7.66108921e-01
 5.12027093e-01
 2.64056020e-01
 1.49011550e-01
 -7.61964188e-02
 -1.61758681e-01
 -2.86528615e-01
 -3.05625843e-01
 -3.10579491e-01
 -4.00580610e-01
 -3.56434069e-01
 -1.75391059e-01
 -1.41300392e-01
 -5.40675720e-02
 1.33956126e-01
 4.78533205e-01
 7.27829587e-02
 8.67254893e-02
