 8.34207519e-02
 1.02790146e-01
 5.50007152e-02
 1.12186617e-01
 1.12466400e-01
 7.10664084e-02
 1.20533273e-01
 1.00674957e-01
 4.95536051e-02
 3.90691928e-02
 1.23636909e-01
 -1.38079625e-01
 -1.23636803e-02
 -9.99369299e-02
 5.02936443e-02
 -1.07925395e-01
 3.32728364e-02
 2.91763396e-02
 4.97807037e-02
 1.87734714e-02
 -5.91834911e-02
 1.65071634e-02
 6.52427176e-02
 4.03175641e-02
 6.24043380e-02
 -1.04433933e-02
 2.69893772e-02
 1.35806158e-02
 1.18716524e-01
 6.83134406e-02
 6.96557273e-02
 6.68878884e-03
 -1.42132722e-02
 4.49787008e-02
 1.42368527e-01
 1.20910517e-01
 1.58744376e-01
 7.03388081e-02
 -1.17957007e-01
