 -3.11295159e-01
 -2.37361318e-01
 -2.94092374e-01
 -3.23986952e-01
 -3.63930789e-01
 -3.59044385e-01
 -4.26580407e-01
 -4.40391583e-01
 -3.71781457e-01
 -4.41065087e-01
 -4.61134640e-01
 -4.12087192e-01
 -2.90249868e-01
 -9.52328962e-02
 5.15346206e-02
 3.54612827e-01
 6.29145619e-01
 7.49799146e-01
 1.02900126e+00
 9.68505784e-01
 7.94228489e-01
 6.38902062e-01
 3.61544787e-01
 2.80716054e-01
 2.23854349e-01
 -2.99142386e-02
 -1.08642061e-01
 -5.97083855e-02
 -1.67943801e-01
 -2.50803630e-01
 -2.42151163e-01
 -2.94975704e-02
 -1.73205699e-02
 1.42260990e-01
 2.85446586e-01
 1.82684872e-01
 4.83246331e-01
 3.27861039e-01
 4.59263270e-01
