 9.31825769e-02
 8.33790606e-02
 5.93878165e-02
 4.09030319e-02
 7.55739117e-02
 6.53893386e-02
 9.58416908e-02
 4.34331932e-02
 4.61289409e-02
 -8.13088790e-03
 7.87963985e-02
 -3.53677482e-02
 -5.33554533e-02
 -4.26428256e-02
 5.46156165e-02
 -7.15149192e-02
 7.28457827e-02
 3.59501160e-02
 7.16679346e-02
 5.68448762e-02
 5.37189654e-03
 1.40058917e-01
 9.43829351e-02
 1.76323514e-02
 2.08804760e-02
 -2.14371116e-02
 -3.17029971e-02
 6.75141849e-02
 1.03849946e-01
 1.32472630e-01
 4.82626204e-02
 3.86323287e-02
 4.41124563e-02
 5.70111434e-02
 -5.70772510e-02
 5.34849662e-02
 1.50136848e-01
 -1.44252096e-02
 -2.21220650e-01
