 -4.09272121e-02
 5.12893150e-03
 4.08596452e-02
 9.50538065e-02
 -5.80100653e-02
 5.58083823e-02
 2.89825906e-02
 7.35262982e-02
 2.84735562e-02
 3.59429388e-02
 7.91012350e-02
 1.31639407e-01
 1.05753688e-01
 -8.63551647e-02
 -1.00615687e-02
 7.70612709e-02
 8.99978025e-02
 5.08917112e-02
 6.73639015e-02
 8.78299662e-02
 6.27562667e-02
 4.34083767e-02
 -8.85665205e-02
 -6.08038768e-02
 3.87553699e-02
 5.59605886e-02
 4.77133796e-02
 1.14474398e-01
 9.33268153e-02
 8.99931024e-02
 5.88996771e-02
 5.74681292e-02
 2.12317828e-01
 1.99575144e-01
 -9.54101332e-02
 1.16254325e-01
 2.25034377e-01
 1.95526195e-02
 -6.91699567e-02
