 -6.21848969e-02
 -1.55979577e-01
 -2.45860651e-01
 -1.85458156e-01
 -3.08896498e-01
 -3.27882222e-01
 -3.79923475e-01
 -3.91450178e-01
 -3.57416304e-01
 -4.42726984e-01
 -3.81339468e-01
 -2.07803585e-01
 -3.28164063e-01
 -1.32255357e-01
 1.47090957e-01
 3.38457264e-01
 5.98299704e-01
 9.62279249e-01
 9.43163911e-01
 9.21748237e-01
 8.57011727e-01
 6.83394406e-01
 6.02216016e-01
 4.08450844e-01
 1.54689527e-01
 -2.20597634e-02
 -2.16049930e-01
 -1.97795073e-01
 -4.64057044e-01
 -2.58164671e-01
 -3.95888051e-01
 -2.51627340e-01
 -1.56356530e-01
 -1.24064040e-01
 9.92718371e-02
 2.39215066e-01
 -5.84393998e-02
 -1.02821853e-01
 4.01620689e-01
