 -4.28532178e-02
 -8.02929205e-02
 -1.20413614e-01
 -1.27322018e-01
 -2.28818137e-01
 -2.48809986e-01
 -2.95838167e-01
 -3.72801921e-01
 -3.25104152e-01
 -4.22347845e-01
 -4.02974274e-01
 -4.27365211e-01
 -3.21793183e-01
 -2.36897855e-01
 7.78716397e-02
 2.82383241e-01
 5.03825276e-01
 7.75276708e-01
 9.30215163e-01
 9.44707034e-01
 8.98934285e-01
 7.84488742e-01
 4.74181850e-01
 3.95497977e-01
 1.14787100e-01
 5.25427241e-02
 -1.57754852e-01
 -2.50181050e-01
 -3.81459693e-01
 -3.28381158e-01
 -2.74487418e-01
 -2.74792301e-01
 -2.28887459e-01
 -1.77024067e-01
 -1.16743616e-02
 2.17035481e-02
 1.87935746e-01
 6.29402074e-02
 2.20971268e-01
