 -6.60334783e-02
 -1.11063709e-01
 -1.13505294e-01
 -1.80166112e-01
 -1.78850298e-01
 -2.22342663e-01
 -3.04700005e-01
 -3.22738261e-01
 -3.32852238e-01
 -4.19604308e-01
 -4.47217649e-01
 -4.61334908e-01
 -3.00268268e-01
 -1.87335115e-01
 -2.61865203e-02
 3.61594316e-01
 5.92332303e-01
 8.10574557e-01
 9.77887759e-01
 9.11636741e-01
 9.07201767e-01
 7.29778696e-01
 4.75050147e-01
 3.46181873e-01
 2.04042595e-01
 4.23654464e-02
 -1.40083799e-01
 -3.35189341e-01
 -3.25151593e-01
 -3.29155977e-01
 -2.94026520e-01
 -2.75339353e-01
 -2.26186348e-01
 -3.07715119e-02
 -1.16095470e-01
 1.45495136e-01
 3.61026481e-01
 1.69395887e-01
 2.36771890e-01
