 -9.55573290e-02
 -9.59593194e-02
 -9.15471246e-02
 -1.31737807e-01
 -1.93358081e-01
 -2.77307079e-01
 -2.66571207e-01
 -3.30053046e-01
 -3.94416764e-01
 -4.11820857e-01
 -4.38512556e-01
 -3.69055134e-01
 -2.97624749e-01
 -2.00338707e-01
 8.18418306e-02
 2.45427066e-01
 5.78573736e-01
 9.20376251e-01
 8.63582436e-01
 8.78564297e-01
 8.39494694e-01
 7.66243861e-01
 5.28629363e-01
 2.65006666e-01
 1.40480708e-01
 9.62246186e-02
 -8.40003945e-02
 -3.23431894e-01
 -3.65050670e-01
 -2.02268123e-01
 -3.31962876e-01
 -2.15966661e-01
 -2.79495179e-02
 2.49460742e-02
 -2.11442838e-01
 2.47044576e-01
 8.22188219e-02
 2.53015082e-01
 1.95432879e-01
