 6.33000514e-02
 2.18624760e-02
 5.20766046e-03
 -5.64041342e-02
 -3.69939607e-02
 -7.07887160e-02
 -7.05149726e-02
 -7.57126520e-02
 -1.00952325e-01
 -9.77309301e-02
 -7.45756758e-02
 -6.60659438e-02
 -1.50082723e-02
 4.70318646e-02
 1.12669820e-01
 1.19994214e-01
 2.48339610e-01
 3.72270846e-01
 3.45497874e-01
 3.11866476e-01
 4.16529417e-01
 2.61630532e-01
 2.04129019e-01
 1.71813834e-01
 1.03169223e-01
 -7.89787261e-02
 -4.29999039e-03
 1.65244943e-02
 -9.69923772e-03
 -3.06141113e-02
 -7.08422141e-02
 -1.00146501e-01
 -5.91388448e-03
 2.13558185e-02
 1.51702466e-01
 1.47989785e-01
 3.68784799e-02
 -2.20061007e-02
 9.48985629e-02
