 6.77815536e-03
 -9.75967386e-02
 -1.35185156e-01
 -1.92069452e-01
 -1.73555312e-01
 -2.68729827e-01
 -2.85619863e-01
 -3.12874037e-01
 -3.73756089e-01
 -4.36106751e-01
 -4.15332399e-01
 -3.07743179e-01
 -3.12841582e-01
 -1.22581663e-01
 4.80225473e-02
 3.32149082e-01
 4.81999262e-01
 7.41109641e-01
 9.03764242e-01
 8.38646483e-01
 7.64470105e-01
 6.40515610e-01
 4.94022345e-01
 3.65812655e-01
 1.80733871e-01
 4.61724799e-02
 -1.85468020e-01
 -1.54981853e-01
 -2.36703378e-01
 -3.86470835e-01
 -2.59460172e-01
 -2.32168787e-01
 -1.88758587e-01
 -1.30799928e-01
 2.09894216e-01
 7.50753193e-02
 3.03944190e-01
 3.19436606e-01
 4.81545915e-01
