 -1.67433979e-01
 -1.52920909e-01
 -2.53741157e-01
 -2.89804533e-01
 -3.23883162e-01
 -3.83914755e-01
 -3.84532636e-01
 -4.02742074e-01
 -4.59412946e-01
 -4.65131203e-01
 -3.98343873e-01
 -3.34962387e-01
 -2.56928071e-01
 -1.44227243e-01
 1.53641585e-01
 4.19750725e-01
 7.45992689e-01
 9.93310047e-01
 9.64900743e-01
 1.00825207e+00
 1.02043626e+00
 7.55864456e-01
 4.39380826e-01
 3.03501450e-01
 1.57450437e-01
 7.59711281e-02
 -5.88374783e-02
 -2.43220904e-01
 -2.82445881e-01
 -3.49694393e-01
 -3.71379507e-01
 -1.12125959e-01
 -1.60063521e-01
 -3.37214000e-02
 1.90829108e-01
 -1.30789312e-01
 -8.53312940e-02
 3.52721915e-01
 -7.46379808e-02
