 -2.73108434e-03
 7.99398216e-02
 9.63937516e-02
 9.92195324e-02
 7.05688707e-02
 1.20460622e-01
 7.67850668e-02
 4.33267729e-02
 1.15323951e-02
 1.10364964e-01
 4.20314849e-02
 -2.62530774e-02
 4.77694753e-02
 9.30350009e-03
 8.91071677e-02
 1.26222773e-01
 1.90596619e-01
 -1.82186449e-02
 -1.41576053e-01
 6.75795809e-02
 8.12802106e-02
 1.16212986e-01
 1.07405646e-01
 1.05696725e-01
 -1.38755351e-01
 1.35804537e-01
 3.18274177e-02
 1.29051142e-01
 4.65115342e-02
 -1.63196129e-02
 4.89603930e-02
 8.20959347e-02
 3.29295386e-02
 -8.23581764e-02
 1.35069402e-01
 -7.36084268e-02
 -1.50204015e-01
 2.10628897e-01
 -8.23553444e-02
