 9.13688520e-03
 -3.92799329e-02
 -1.10264624e-01
 -1.60806247e-01
 -1.80290426e-01
 -2.63273434e-01
 -2.96759817e-01
 -3.38771806e-01
 -4.09443503e-01
 -4.20606986e-01
 -4.85465959e-01
 -3.49434955e-01
 -4.62021697e-01
 -2.96372983e-01
 -7.96938838e-02
 1.97007502e-01
 5.66405058e-01
 8.39806296e-01
 9.35034747e-01
 9.32725214e-01
 8.51909820e-01
 6.99988230e-01
 6.44472771e-01
 3.79892181e-01
 1.46874528e-01
 -3.59323477e-02
 -1.81189988e-01
 -2.64993758e-01
 -3.86351484e-01
 -3.11099500e-01
 -2.77411173e-01
 -3.20114802e-01
 -2.74551800e-01
 -1.64026831e-01
 -7.59891823e-02
 1.62157619e-01
 -5.29713225e-02
 1.03065581e-01
 8.07281586e-02
