 8.52667682e-02
 4.75249655e-02
 7.44783418e-02
 6.79658379e-02
 3.40804522e-02
 4.43824936e-02
 6.79274046e-02
 1.95870853e-02
 2.11491436e-02
 7.02660671e-03
 5.95253963e-03
 -6.53039786e-02
 7.89975060e-03
 -8.74737957e-02
 5.22330421e-02
 -3.46959123e-02
 9.56052870e-02
 2.98139646e-02
 4.16193134e-02
 7.83061586e-02
 -3.14778146e-02
 7.02943482e-02
 4.95305704e-02
 -9.90001668e-04
 1.26363871e-02
 2.41811047e-02
 -5.99952644e-02
 6.92195077e-02
 1.06682867e-01
 5.81871597e-02
 3.38498867e-02
 1.15643421e-01
 1.54593561e-01
 1.12004317e-02
 1.82218232e-01
 1.12233063e-01
 2.87020086e-01
 6.31840934e-02
 -1.39823451e-01
