 -1.70544115e-01
 -1.83495695e-01
 -1.92275273e-01
 -2.43129729e-01
 -2.87191278e-01
 -3.21679733e-01
 -3.43058710e-01
 -4.33825000e-01
 -4.71387343e-01
 -3.82767484e-01
 -4.37801233e-01
 -3.98159546e-01
 -3.26316335e-01
 -8.17876320e-02
 2.92680638e-02
 4.05347339e-01
 7.48772288e-01
 1.02238329e+00
 9.75753428e-01
 9.60396426e-01
 1.05443626e+00
 8.27691958e-01
 3.82406393e-01
 2.93959596e-01
 1.81575575e-01
 -2.92715034e-02
 -1.17360372e-01
 -1.23970594e-01
 -2.58690145e-01
 -2.76053909e-01
 -3.34703724e-01
 -1.84846499e-01
 -1.71389782e-01
 -1.38942262e-01
 1.43883672e-01
 -2.45277017e-02
 1.53638525e-01
 1.69255349e-01
 -4.44021795e-02
