 -1.40515601e-01
 -7.70571516e-02
 -1.30073189e-01
 -1.73546813e-01
 -2.03587335e-01
 -2.64854621e-01
 -3.00704410e-01
 -3.36660894e-01
 -3.04627616e-01
 -4.08362346e-01
 -3.34434483e-01
 -3.09754980e-01
 -2.95869638e-01
 -1.17126287e-01
 5.78435826e-02
 3.40584802e-01
 5.01747638e-01
 7.53973380e-01
 8.33188998e-01
 8.63567090e-01
 9.63014711e-01
 6.71252274e-01
 4.91242207e-01
 2.94287138e-01
 1.53179700e-01
 -2.37084419e-02
 -5.23845101e-02
 -1.66227435e-01
 -2.63834158e-01
 -3.42164307e-01
 -3.39984239e-01
 -1.41508612e-01
 -3.03222860e-01
 -4.98462806e-02
 -4.14032342e-01
 2.28220883e-02
 3.42209867e-01
 4.72305485e-01
 9.58113531e-02
