 -9.86329613e-02
 -1.27869728e-01
 -1.97661229e-01
 -1.82959033e-01
 -2.03635573e-01
 -2.99983719e-01
 -3.02417810e-01
 -3.34040483e-01
 -4.72210653e-01
 -4.38041574e-01
 -4.73618654e-01
 -4.48288794e-01
 -3.62912677e-01
 -2.50418716e-01
 -7.44614560e-02
 2.79345479e-01
 5.29428285e-01
 6.73296567e-01
 9.67578944e-01
 8.72919840e-01
 8.14824645e-01
 7.71436962e-01
 5.24024385e-01
 2.66721329e-01
 1.05125851e-01
 -6.95397540e-02
 -1.75981188e-01
 -1.97177824e-01
 -2.20523577e-01
 -2.24904791e-01
 -3.67716532e-01
 -2.25563767e-01
 -1.68930699e-01
 -2.85427223e-02
 -1.10591088e-01
 1.22428821e-01
 2.93816773e-01
 1.97990995e-01
 3.07656049e-01
