 -1.51148930e-01
 -1.66830559e-01
 -1.91736834e-01
 -2.68861655e-01
 -2.61351820e-01
 -3.22205610e-01
 -3.10753235e-01
 -3.88404992e-01
 -4.59748912e-01
 -4.60700281e-01
 -5.07474668e-01
 -4.82160004e-01
 -3.23559897e-01
 -1.95836297e-01
 1.22307554e-01
 3.65675902e-01
 6.31160282e-01
 7.95974022e-01
 9.39217561e-01
 8.40663268e-01
 8.54469999e-01
 6.82366730e-01
 4.26180451e-01
 2.22362195e-01
 1.54675211e-01
 -1.40807894e-01
 -4.62382542e-02
 -2.25505145e-01
 -3.29473207e-01
 -2.25788547e-01
 -3.66968126e-01
 -2.37830254e-01
 -4.32101361e-02
 -4.27194672e-02
 2.67570525e-01
 8.23048985e-02
 2.81503451e-01
 2.67829459e-01
 4.69076179e-01
