 4.92154763e-02
 -2.96341660e-02
 -2.97315585e-02
 -1.04225504e-01
 -1.04735687e-01
 -1.43927574e-01
 -1.17648363e-01
 -1.89995280e-01
 -1.83992779e-01
 -2.16247528e-01
 -1.91842634e-01
 -2.40108661e-01
 -1.62927480e-01
 -1.02702452e-01
 4.82649052e-02
 1.95283494e-01
 3.29821429e-01
 4.59264882e-01
 5.11071847e-01
 5.93819808e-01
 5.41909755e-01
 3.31250300e-01
 3.00946763e-01
 2.17523053e-01
 1.41932722e-01
 -5.82511319e-02
 -5.94558571e-02
 -9.88155013e-02
 -1.30481367e-01
 -1.22994964e-01
 -1.25805157e-01
 -1.25617517e-01
 -8.57889534e-02
 3.00645572e-02
 1.96245830e-01
 4.60506652e-02
 2.26466531e-01
 1.01558459e-02
 1.80666275e-01
