 4.53233051e-02
 3.55860691e-02
 -1.79115530e-03
 -2.32090782e-02
 1.58867970e-03
 -6.66295565e-02
 -2.38592119e-02
 -2.73968386e-02
 -3.10715312e-02
 -2.16850923e-02
 -5.49823385e-02
 -2.14630946e-02
 -1.31979386e-03
 3.98716650e-02
 1.36448516e-02
 1.07168974e-01
 1.90317016e-01
 1.87213635e-01
 2.42228488e-01
 1.83944672e-01
 1.18583382e-01
 1.06764018e-01
 1.01891101e-01
 6.90863764e-02
 5.17278677e-02
 -6.28394353e-02
 -9.17465874e-02
 3.59455569e-02
 -1.76710211e-02
 1.36971624e-02
 -6.26835596e-02
 1.21308128e-02
 5.13743319e-02
 -9.76356308e-03
 2.45438125e-01
 1.96468395e-01
 1.42167137e-01
 7.42597901e-03
 1.94672330e-02
