 5.97909627e-02
 8.21631695e-02
 3.02714393e-02
 9.41623700e-02
 6.19542421e-02
 1.01911288e-01
 7.03668064e-02
 3.50149084e-02
 1.18150823e-02
 -2.99406654e-02
 9.10710019e-02
 -8.64438327e-02
 -1.70322119e-02
 4.23012164e-02
 2.50983616e-01
 1.35611887e-01
 1.21310999e-01
 8.33061234e-02
 -6.95292431e-02
 5.91629811e-02
 2.32543377e-01
 5.18615852e-02
 6.75884321e-02
 4.12498484e-02
 6.20117019e-02
 4.85708870e-02
 1.40557759e-01
 4.06499352e-02
 1.41071354e-01
 1.95615560e-01
 1.74307185e-01
 1.45873235e-02
 6.79905859e-02
 2.81068512e-01
 1.16672788e-01
 3.63905148e-01
 8.34952588e-01
 7.07700727e-02
 2.64007893e-02
