 -2.45367079e-01
 -1.50239022e-01
 -2.43383106e-01
 -2.60153581e-01
 -3.06782749e-01
 -3.23686287e-01
 -3.73599214e-01
 -4.12152865e-01
 -4.10298927e-01
 -4.41618348e-01
 -4.96958657e-01
 -4.34305490e-01
 -3.34574016e-01
 -1.77610765e-01
 4.10634297e-02
 3.78334810e-01
 7.45657634e-01
 9.76086349e-01
 9.64671147e-01
 9.07792792e-01
 1.00811092e+00
 7.87001773e-01
 4.04458043e-01
 3.30247575e-01
 1.10254082e-01
 4.35830245e-02
 -9.40780294e-02
 -2.45283075e-01
 -3.32889209e-01
 -4.02890507e-01
 -3.43990380e-01
 -2.36274989e-01
 -1.59454019e-01
 -7.92234012e-02
 2.23785383e-01
 -5.76441588e-02
 -2.61607179e-01
 2.06273382e-01
 -1.30293528e-01
