 -1.70903479e-01
 -8.44163152e-02
 -1.91599751e-01
 -2.26762456e-01
 -2.66951586e-01
 -2.93880701e-01
 -3.00496943e-01
 -3.48534643e-01
 -3.76606253e-01
 -4.28069583e-01
 -4.32428989e-01
 -3.45822197e-01
 -2.86097531e-01
 -9.92886858e-02
 1.11096939e-01
 2.51104288e-01
 5.38387940e-01
 7.27503262e-01
 8.75260629e-01
 8.48906459e-01
 8.09214536e-01
 5.90869356e-01
 4.39088768e-01
 3.58848576e-01
 1.36517872e-01
 -2.44423195e-02
 5.84533930e-04
 -1.77215720e-01
 -2.50516660e-01
 -3.22171716e-01
 -3.66235085e-01
 -2.50703510e-01
 -2.05192214e-01
 -1.04733330e-01
 -3.40557196e-02
 2.08659234e-01
 -1.20081252e-01
 2.60875188e-01
 2.30237026e-01
