 -2.67422584e-02
 -1.19029071e-01
 -9.94713836e-02
 -1.79979912e-01
 -1.87522434e-01
 -2.64434506e-01
 -3.98248287e-01
 -3.75328428e-01
 -3.47420437e-01
 -4.62362516e-01
 -4.71889310e-01
 -2.36676483e-01
 -3.77091847e-01
 -1.20756593e-01
 8.34288999e-02
 3.33411254e-01
 5.04247178e-01
 9.80586981e-01
 1.01893055e+00
 9.40264930e-01
 9.43814466e-01
 7.74248043e-01
 6.31608071e-01
 3.54033842e-01
 9.06352007e-02
 -7.65760728e-02
 -2.12778964e-01
 -2.77421603e-01
 -4.04606269e-01
 -4.42773422e-01
 -2.96723332e-01
 -3.77991085e-01
 -2.70132894e-01
 -2.34380313e-01
 1.75511976e-01
 7.74092075e-03
 -3.69209319e-01
 7.55505497e-02
 1.20269408e-01
