 1.99995874e-02
 -3.53980794e-02
 -5.96966177e-02
 -9.65944421e-02
 -1.26388157e-01
 -1.51089494e-01
 -1.95453136e-01
 -2.30838199e-01
 -3.42690280e-01
 -4.27340255e-01
 -5.19291360e-01
 -5.59758135e-01
 -6.32033118e-01
 -4.99402379e-01
 -2.74707852e-01
 -1.75790050e-02
 3.28595691e-01
 7.46079960e-01
 8.98763573e-01
 9.61073883e-01
 9.77587474e-01
 8.09500966e-01
 6.58560603e-01
 4.19186201e-01
 1.74192708e-01
 -1.26564561e-01
 -2.78855975e-01
 -2.54939056e-01
 -4.12540260e-01
 -2.85994145e-01
 -3.11185748e-01
 -3.52346515e-01
 -5.22447574e-02
 -1.20780902e-01
 5.00551668e-02
 -3.66472892e-02
 3.44410796e-01
 1.84293997e-01
 2.67702055e-01
