0.000000000000000000e+00 0.000000000000000000e+00
1.375000000000000007e-02 5.868991167296906848e-03
2.750000000000000014e-02 1.172382247803604137e-02
4.125000000000000194e-02 1.755047152682835329e-02
5.500000000000000028e-02 2.333518999532972066e-02
6.875000000000000555e-02 2.906463866071266194e-02
8.250000000000000389e-02 3.472601997098567761e-02
9.625000000000000222e-02 4.030720739097121835e-02
1.100000000000000006e-01 4.579687073551517301e-02
1.237499999999999989e-01 5.118459672248413389e-02
1.375000000000000111e-01 5.646100399732497527e-02
1.512499999999999956e-01 6.161785190343165020e-02
1.650000000000000078e-01 6.664814229830033632e-02
1.787499999999999922e-01 7.154621374447238391e-02
1.925000000000000044e-01 7.630782743655867284e-02
2.062499999999999889e-01 8.093024426122590043e-02
2.200000000000000011e-01 8.541229242587665416e-02
2.337500000000000133e-01 8.975442513385492593e-02
2.474999999999999978e-01 9.395876782932682802e-02
2.612499999999999822e-01 9.802915458344911570e-02
2.750000000000000222e-01 1.019711532449985580e-01
2.887500000000000067e-01 1.057920790331731420e-01
3.024999999999999911e-01 1.095009963076962883e-01
3.162499999999999756e-01 1.131087083115024788e-01
3.300000000000000155e-01 1.166277347439924200e-01
3.437500000000000000e-01 1.200722770879234375e-01
3.574999999999999845e-01 1.234581716802233831e-01
3.712500000000000244e-01 1.268028305861179095e-01
3.850000000000000089e-01 1.301251704066755666e-01
3.987499999999999933e-01 1.334455292218718059e-01
4.124999999999999778e-01 1.367855719442141182e-01
4.262500000000000178e-01 1.401681844314860981e-01
4.400000000000000022e-01 1.436173567808551599e-01
4.537499999999999867e-01 1.471580563000167985e-01
4.675000000000000266e-01 1.508160907237763304e-01
4.812500000000000111e-01 1.546179623160165995e-01
4.949999999999999956e-01 1.585907135668894186e-01
5.087500000000000355e-01 1.627617652627735279e-01
5.224999999999999645e-01 1.671587477715759662e-01
5.362500000000000044e-01 1.718093264477671689e-01
5.500000000000000444e-01 1.767410221196160092e-01
5.637499999999999734e-01 1.819810276749121158e-01
5.775000000000000133e-01 1.875560218104939392e-01
5.912500000000000533e-01 1.934919810546454622e-01
6.049999999999999822e-01 1.998139912093919446e-01
6.187500000000000222e-01 2.065460593914373588e-01
6.324999999999999512e-01 2.137109278755079667e-01
6.462499999999999911e-01 2.213298909617839039e-01
6.600000000000000311e-01 2.294226160995441188e-01
6.737499999999999600e-01 2.380069705017799353e-01
6.875000000000000000e-01 2.470988544800801490e-01
7.012500000000000400e-01 2.567120427153060658e-01
7.149999999999999689e-01 2.668580346572872464e-01
7.287500000000000089e-01 2.775459152158887277e-01
7.425000000000000488e-01 2.887822268662049163e-01
7.562499999999999778e-01 3.005708542424300744e-01
7.700000000000000178e-01 3.129129222381349940e-01
7.837500000000000577e-01 3.258067085654530182e-01
7.974999999999999867e-01 3.392475716522381224e-01
8.112500000000000266e-01 3.532278946749027870e-01
8.249999999999999556e-01 3.677370464357666568e-01
8.387499999999999956e-01 3.827613596977208488e-01
8.525000000000000355e-01 3.982841274864401537e-01
8.662499999999999645e-01 4.142856177617325608e-01
8.800000000000000044e-01 4.307431067456201079e-01
8.937500000000000444e-01 4.476309310760436810e-01
9.074999999999999734e-01 4.649205588324840099e-01
9.212500000000000133e-01 4.825806793540619588e-01
9.350000000000000533e-01 5.005773116426928127e-01
9.487499999999999822e-01 5.188739310145502603e-01
9.625000000000000222e-01 5.374316135333379041e-01
9.762499999999999512e-01 5.562091976296498208e-01
9.899999999999999911e-01 5.751634621830077343e-01
1.003749999999999920e+00 5.942493202180020306e-01
1.017500000000000071e+00 6.134200272442872359e-01
1.031250000000000000e+00 6.326274031530245701e-01
1.044999999999999929e+00 6.518220664707066181e-01
1.058750000000000080e+00 6.709536796660537927e-01
1.072500000000000009e+00 6.899712041078176483e-01
1.086249999999999938e+00 7.088231631817489831e-01
1.100000000000000089e+00 7.274579119944679650e-01
1.113750000000000018e+00 7.458239120213833173e-01
1.127499999999999947e+00 7.638700089958305739e-01
1.141250000000000098e+00 7.815457122878413099e-01
1.155000000000000027e+00 7.988014739841100553e-01
1.168749999999999956e+00 8.155889658561562561e-01
1.182500000000000107e+00 8.318613523918657604e-01
1.196250000000000036e+00 8.475735580668282143e-01
1.209999999999999964e+00 8.626825270463759354e-01
1.223750000000000115e+00 8.771474735370349274e-01
1.237500000000000044e+00 8.909301210473198340e-01
1.251249999999999973e+00 9.039949288722179954e-01
1.264999999999999902e+00 9.163093041831776864e-01
1.278750000000000053e+00 9.278437981856030303e-01
1.292499999999999982e+00 9.385722848982871458e-01
1.306249999999999911e+00 9.484721212134245016e-01
1.320000000000000062e+00 9.575242870111335680e-01
1.333749999999999991e+00 9.657135042280626802e-01
1.347499999999999920e+00 9.730283339148702026e-01
1.361250000000000071e+00 9.794612504611545090e-01
1.375000000000000000e+00 9.850086923178429377e-01
1.388749999999999929e+00 9.896710887050075289e-01
1.402500000000000080e+00 9.934528619564362284e-01
1.416250000000000009e+00 9.963624053198568697e-01
1.429999999999999938e+00 9.984120362022176343e-01
1.443750000000000089e+00 9.996179250216126189e-01
1.457500000000000018e+00 1.000000000000000000e+00
1.471249999999999947e+00 9.995818284024078348e-01
1.485000000000000098e+00 9.983904748975814814e-01
1.498750000000000027e+00 9.964563378806722271e-01
1.512499999999999956e+00 9.938129647591654736e-01
1.526250000000000107e+00 9.904968473577352439e-01
1.540000000000000036e+00 9.865471987445629809e-01
1.553749999999999964e+00 9.820057129199245560e-01
1.567500000000000115e+00 9.769163089362222774e-01
1.581250000000000044e+00 9.713248611361110507e-01
1.594999999999999973e+00 9.652789173009741486e-01
1.608749999999999902e+00 9.588274065947665070e-01
1.622500000000000053e+00 9.520203392674330134e-01
1.636249999999999982e+00 9.449085001469880174e-01
1.649999999999999911e+00 9.375431379992935632e-01
1.663750000000000062e+00 9.299756528692183499e-01
1.677499999999999991e+00 9.222572835357203402e-01
1.691249999999999920e+00 9.144387972163313671e-01
1.705000000000000071e+00 9.065701836434471028e-01
1.718750000000000000e+00 8.987003556056732956e-01
1.732499999999999929e+00 8.908768580025523409e-01
1.746250000000000080e+00 8.831455874004349171e-01
1.760000000000000009e+00 8.755505240016226987e-01
1.773749999999999938e+00 8.681334778486717862e-01
1.787500000000000089e+00 8.609338509815241958e-01
1.801250000000000018e+00 8.539884171478762109e-01
1.814999999999999947e+00 8.473311205375823052e-01
1.828750000000000098e+00 8.409928948710895247e-01
1.842500000000000027e+00 8.350015040209132211e-01
1.856249999999999956e+00 8.293814051852000935e-01
1.870000000000000107e+00 8.241536354646964435e-01
1.883750000000000036e+00 8.193357225203700134e-01
1.897499999999999964e+00 8.149416198097092501e-01
1.911250000000000115e+00 8.109816667170217652e-01
1.925000000000000044e+00 8.074625737080376453e-01
1.938749999999999973e+00 8.043874324535217335e-01
1.952499999999999902e+00 8.017557506816894719e-01
1.966250000000000053e+00 7.995635113366268421e-01
1.979999999999999982e+00 7.978032554409535404e-01
1.993749999999999911e+00 7.964641878872134040e-01
2.007499999999999840e+00 7.955323052151384022e-01
2.021250000000000213e+00 7.949905442725231364e-01
2.035000000000000142e+00 7.948189505070575311e-01
2.048750000000000071e+00 7.949948644964245359e-01
2.062500000000000000e+00 7.954931251952684912e-01
2.076249999999999929e+00 7.962862882613727100e-01
2.089999999999999858e+00 7.973448577203801069e-01
2.103750000000000231e+00 7.986375291395024778e-01
2.117500000000000160e+00 8.001314424064944753e-01
2.131250000000000089e+00 8.017924421513781263e-01
2.145000000000000018e+00 8.035853438052353859e-01
2.158749999999999947e+00 8.054742032633510629e-01
2.172499999999999876e+00 8.074225881090349999e-01
2.186249999999999805e+00 8.093938483597469258e-01
2.200000000000000178e+00 8.113513847184876671e-01
2.213750000000000107e+00 8.132589123506134277e-01
2.227500000000000036e+00 8.150807182588616362e-01
2.241249999999999964e+00 8.167819103969434780e-01
2.254999999999999893e+00 8.183286567439672643e-01
2.268749999999999822e+00 8.196884126574082163e-01
2.282500000000000195e+00 8.208301349304923944e-01
2.296250000000000124e+00 8.217244810998277638e-01
2.310000000000000053e+00 8.223439926796728416e-01
2.323749999999999982e+00 8.226632611394700811e-01
2.337499999999999911e+00 8.226590755897507101e-01
2.351249999999999840e+00 8.223105512971432551e-01
2.365000000000000213e+00 8.215992383105478192e-01
2.378750000000000142e+00 8.205092096462373030e-01
2.392500000000000071e+00 8.190271286483622459e-01
2.406250000000000000e+00 8.171422953115622390e-01
2.419999999999999929e+00 8.148466715227791202e-01
2.433749999999999858e+00 8.121348853485059749e-01
2.447500000000000231e+00 8.090042146601400530e-01
2.461250000000000160e+00 8.054545505525647631e-01
2.475000000000000089e+00 8.014883411681851255e-01
2.488750000000000018e+00 7.971105166891476745e-01
2.502499999999999947e+00 7.923283964031742066e-01
2.516249999999999876e+00 7.871515788822702753e-01
2.529999999999999805e+00 7.815918164373630850e-01
2.543750000000000178e+00 7.756628751249285969e-01
2.557500000000000107e+00 7.693803816828174158e-01
2.571250000000000036e+00 7.627616588612592397e-01
2.584999999999999964e+00 7.558255506906126353e-01
2.598749999999999893e+00 7.485922392894638344e-01
2.612499999999999822e+00 7.410830548646452076e-01
2.626250000000000195e+00 7.333202805885101760e-01
2.640000000000000124e+00 7.253269540580892238e-01
2.653750000000000053e+00 7.171266670456861725e-01
2.667499999999999982e+00 7.087433652409873552e-01
2.681249999999999911e+00 7.002011496612774444e-01
2.694999999999999840e+00 6.915240813690394228e-01
2.708750000000000213e+00 6.827359910856551917e-01
2.722500000000000142e+00 6.738602952266140589e-01
2.736250000000000071e+00 6.649198198082905131e-01
2.750000000000000000e+00 6.559366335896952283e-01
2.763749999999999929e+00 6.469318917155422177e-01
2.777499999999999858e+00 6.379256910203989772e-01
2.791250000000000231e+00 6.289369380386280461e-01
2.805000000000000160e+00 6.199832306423845862e-01
2.818750000000000089e+00 6.110807541011071820e-01
2.832500000000000018e+00 6.022441922221137833e-01
2.846249999999999947e+00 5.934866540940191282e-01
2.859999999999999876e+00 5.848196168141532869e-01
2.873749999999999805e+00 5.762528844390940597e-01
2.887500000000000178e+00 5.677945632550860378e-01
2.901250000000000107e+00 5.594510533237040395e-01
2.915000000000000036e+00 5.512270561188498119e-01
2.928749999999999964e+00 5.431255979351253815e-01
2.942499999999999893e+00 5.351480686160532407e-01
2.956249999999999822e+00 5.272942750243884147e-01
2.970000000000000195e+00 5.195625085571032864e-01
2.983750000000000124e+00 5.119496258952653811e-01
2.997500000000000053e+00 5.044511420749691055e-01
3.011249999999999982e+00 4.970613348704233658e-01
3.024999999999999911e+00 4.897733593949694098e-01
3.038749999999999840e+00 4.825793717507934621e-01
3.052500000000000213e+00 4.754706604938791492e-01
3.066250000000000142e+00 4.684377846278135471e-01
3.080000000000000071e+00 4.614707167985619973e-01
3.093750000000000000e+00 4.545589903326611725e-01
3.107499999999999929e+00 4.476918487433453886e-01
3.121249999999999858e+00 4.408583963230727210e-01
3.135000000000000231e+00 4.340477484465519731e-01
3.148750000000000160e+00 4.272491802255409254e-01
3.162500000000000089e+00 4.204522721850600941e-01
3.176250000000000018e+00 4.136470516698937394e-01
3.189999999999999947e+00 4.068241287398137174e-01
3.203749999999999876e+00 3.999748253713559243e-01
3.217499999999999805e+00 3.930912968525381856e-01
3.231250000000000178e+00 3.861666443339696886e-01
3.245000000000000107e+00 3.791950175845785198e-01
3.258750000000000036e+00 3.721717070919000614e-01
3.272499999999999964e+00 3.650932247446504464e-01
3.286249999999999893e+00 3.579573724382734135e-01
3.299999999999999822e+00 3.507632980513637477e-01
3.313750000000000195e+00 3.435115383514446008e-01
3.327500000000000124e+00 3.362040485014770042e-01
3.341250000000000053e+00 3.288442179528389686e-01
3.354999999999999982e+00 3.214368726253133968e-01
3.368749999999999911e+00 3.139882633889732322e-01
3.382499999999999840e+00 3.065060409758076365e-01
3.396250000000000213e+00 2.989992175596007384e-01
3.410000000000000142e+00 2.914781153501421751e-01
3.423750000000000071e+00 2.839543026514267376e-01
3.437500000000000000e+00 2.764405179323974893e-01
3.451249999999999929e+00 2.689505825522293669e-01
3.464999999999999858e+00 2.614993028695237753e-01
3.478750000000000231e+00 2.541023625454535417e-01
3.492500000000000160e+00 2.467762059243471251e-01
3.506250000000000089e+00 2.395379134409887645e-01
3.520000000000000018e+00 2.324050700615927223e-01
3.533749999999999947e+00 2.253956278147040693e-01
3.547499999999999876e+00 2.185277635089218906e-01
3.561249999999999805e+00 2.118197327661530960e-01
3.575000000000000178e+00 2.052897215219829929e-01
3.588750000000000107e+00 1.989556961586617378e-01
3.602500000000000036e+00 1.928352534411948149e-01
3.616249999999999964e+00 1.869454714231764958e-01
3.629999999999999893e+00 1.813027624765291002e-01
3.643749999999999822e+00 1.759227295783722389e-01
3.657500000000000195e+00 1.708200269592216047e-01
3.671250000000000124e+00 1.660082261798843939e-01
3.685000000000000053e+00 1.614996886601768322e-01
3.698749999999999982e+00 1.573054456314694760e-01
3.712499999999999911e+00 1.534350864273880399e-01
3.726249999999999840e+00 1.498966559634686557e-01
3.740000000000000213e+00 1.466965621875722103e-01
3.753750000000000142e+00 1.438394942090996109e-01
3.767500000000000071e+00 1.413283517370404752e-01
3.781250000000000000e+00 1.391641863752795805e-01
3.794999999999999929e+00 1.373461552389982354e-01
3.808749999999999858e+00 1.358714872690556241e-01
3.822500000000000231e+00 1.347354625325659638e-01
3.836250000000000160e+00 1.339314047081120451e-01
3.850000000000000089e+00 1.334506868637840016e-01
3.863750000000000018e+00 1.332827505460915107e-01
3.877499999999999947e+00 1.334151381083891752e-01
3.891249999999999876e+00 1.338335381192898577e-01
3.904999999999999805e+00 1.345218436052529887e-01
3.918750000000000178e+00 1.354622227975370019e-01
3.932500000000000107e+00 1.366352019725910749e-01
3.946250000000000036e+00 1.380197598971204809e-01
3.959999999999999964e+00 1.395934333149576878e-01
3.973749999999999893e+00 1.413324328428881005e-01
3.987499999999999822e+00 1.432117685770859516e-01
4.001249999999999751e+00 1.452053846511253132e-01
4.014999999999999680e+00 1.472863019309380295e-01
4.028749999999999609e+00 1.494267679818511718e-01
4.042500000000000426e+00 1.515984133981509163e-01
4.056250000000000355e+00 1.537724135466880804e-01
4.070000000000000284e+00 1.559196547429874957e-01
4.083750000000000213e+00 1.580109038512614861e-01
4.097500000000000142e+00 1.600169802787508311e-01
4.111250000000000071e+00 1.619089293199305057e-01
4.125000000000000000e+00 1.636581957973644863e-01
4.138749999999999929e+00 1.652367969433380102e-01
4.152499999999999858e+00 1.666174934697883248e-01
4.166249999999999787e+00 1.677739577834160001e-01
4.179999999999999716e+00 1.686809383181002708e-01
4.193749999999999645e+00 1.693144189777006647e-01
4.207500000000000462e+00 1.696517727088961702e-01
4.221250000000000391e+00 1.696719082556739089e-01
4.235000000000000320e+00 1.693554091842630338e-01
4.248750000000000249e+00 1.686846643094941089e-01
4.262500000000000178e+00 1.676439887005098106e-01
4.276250000000000107e+00 1.662197344952160427e-01
4.290000000000000036e+00 1.644003908085702459e-01
4.303749999999999964e+00 1.621766720794771965e-01
4.317499999999999893e+00 1.595415942644048957e-01
4.331249999999999822e+00 1.564905383525259375e-01
4.344999999999999751e+00 1.530213007469232722e-01
4.358749999999999680e+00 1.491341301288307830e-01
4.372499999999999609e+00 1.448317504966596669e-01
4.386250000000000426e+00 1.401193701483375853e-01
4.400000000000000355e+00 1.350046764539122313e-01
4.413750000000000284e+00 1.294978163450135611e-01
4.427500000000000213e+00 1.236113625283334905e-01
4.441250000000000142e+00 1.173602655112841731e-01
4.455000000000000071e+00 1.107617916091076793e-01
4.468750000000000000e+00 1.038354471835010867e-01
4.482499999999999929e+00 9.660288944287791224e-02
4.496249999999999858e+00 8.908782421331264134e-02
4.509999999999999787e+00 8.131589116660063732e-02
4.523749999999999716e+00 7.331453706726795416e-02
4.537499999999999645e+00 6.511287767340638577e-02
4.551250000000000462e+00 5.674154899646487171e-02
4.565000000000000391e+00 4.823254869216964114e-02
4.578750000000000320e+00 3.961906841821152131e-02
4.592500000000000249e+00 3.093531805380772548e-02
4.606250000000000178e+00 2.221634273133572812e-02
4.620000000000000107e+00 1.349783368059901713e-02
4.633750000000000036e+00 4.815933931532540013e-03
4.647499999999999964e+00 -3.792960039013575958e-03
4.661249999999999893e+00 -1.229239959671006056e-02
4.674999999999999822e+00 -2.064608702767943560e-02
4.688749999999999751e+00 -2.881807923548670297e-02
4.702499999999999680e+00 -3.677299087260909455e-02
4.716249999999999609e+00 -4.447619571341739075e-02
4.730000000000000426e+00 -5.189402507426019162e-02
4.743750000000000355e+00 -5.899396209188190188e-02
4.757500000000000284e+00 -6.574483068423236931e-02
4.771250000000000213e+00 -7.211697803777784854e-02
4.785000000000000142e+00 -7.808244949276627045e-02
4.798750000000000071e+00 -8.361515473243973096e-02
4.812500000000000000e+00 -8.869102422391281215e-02
4.826249999999999929e+00 -9.328815490717388970e-02
4.839999999999999858e+00 -9.738694418428711641e-02
4.853749999999999787e+00 -1.009702113231199239e-01
4.867499999999999716e+00 -1.040233054585506661e-01
4.881249999999999645e+00 -1.065341994487874894e-01
4.895000000000000462e+00 -1.084935689247839008e-01
4.908750000000000391e+00 -1.098948559563658889e-01
4.922500000000000320e+00 -1.107343168490975693e-01
4.936250000000000249e+00 -1.110110536806259568e-01
4.950000000000000178e+00 -1.107270292836899650e-01
4.963750000000000107e+00 -1.098870654845688216e-01
4.977500000000000036e+00 -1.084988245098499615e-01
4.991249999999999964e+00 -1.065727735803551623e-01
5.004999999999999893e+00 -1.041221328181885508e-01
5.018749999999999822e+00 -1.011628067004374937e-01
5.032499999999999751e+00 -9.771329940035014539e-02
5.046249999999999680e+00 -9.379461446305417671e-02
5.059999999999999609e+00 -8.943013936735906555e-02
5.073750000000000426e+00 -8.464551562707399446e-02
5.087500000000000355e+00 -7.946849518389592637e-02
5.101250000000000284e+00 -7.392878393845142559e-02
5.115000000000000213e+00 -6.805787335584798092e-02
5.128750000000000142e+00 -6.188886116633868228e-02
5.142500000000000071e+00 -5.545626225978703139e-02
5.156250000000000000e+00 -4.879581094386138684e-02
5.169999999999999929e+00 -4.194425579970002121e-02
5.183749999999999858e+00 -3.493914842458786807e-02
5.197499999999999787e+00 -2.781862739848339067e-02
5.211249999999999716e+00 -2.062119884956267052e-02
5.224999999999999645e+00 -1.338551502291930942e-02
5.238750000000000462e+00 -6.150152275847020449e-03
5.252500000000000391e+00 1.046610067506016954e-03
5.266250000000000320e+00 8.167008570096709330e-03
5.280000000000000249e+00 1.517401082350702292e-02
5.293750000000000178e+00 2.203152547720993795e-02
5.307500000000000107e+00 2.870460578716716588e-02
5.321250000000000036e+00 3.515964535680324299e-02
5.334999999999999964e+00 4.136456479467885694e-02
5.348749999999999893e+00 4.728898807399832538e-02
5.362499999999999822e+00 5.290440744902680237e-02
5.376249999999999751e+00 5.818433586212481273e-02
5.389999999999999680e+00 6.310444586187850813e-02
5.403749999999999609e+00 6.764269414711107653e-02
5.417500000000000426e+00 7.177943095272472374e-02
5.431250000000000355e+00 7.549749360061752679e-02
5.445000000000000284e+00 7.878228365152017965e-02
5.458750000000000213e+00 8.162182721068876601e-02
5.472500000000000142e+00 8.400681806105625427e-02
5.486250000000000071e+00 8.593064342076646434e-02
5.500000000000000000e+00 8.738939224702689523e-02
