0.000000000000000000e+00 0.000000000000000000e+00
1.375000000000000007e-02 -3.183609212161395119e-04
2.750000000000000014e-02 -5.902178350362907418e-04
4.125000000000000194e-02 -7.743166266495058771e-04
5.500000000000000028e-02 -8.392924147522803175e-04
6.875000000000000555e-02 -7.671577595743828571e-04
8.250000000000000389e-02 -5.552311776312561639e-04
9.625000000000000222e-02 -2.162765205529825288e-04
1.100000000000000006e-01 2.231703224973878639e-04
1.237499999999999989e-01 7.261016467582172328e-04
1.375000000000000111e-01 1.249590491625019416e-03
1.512499999999999956e-01 1.750074193010068765e-03
1.650000000000000078e-01 2.188759843025605244e-03
1.787499999999999922e-01 2.536524188423534224e-03
1.925000000000000044e-01 2.777734007758431503e-03
2.062499999999999889e-01 2.912532809298096648e-03
2.200000000000000011e-01 2.957312635058506785e-03
2.337500000000000133e-01 2.943296564058401309e-03
2.474999999999999978e-01 2.913374903855291652e-03
2.612499999999999822e-01 2.917541357602010128e-03
2.750000000000000222e-01 3.007441326560130520e-03
2.887500000000000067e-01 3.230653626026456799e-03
3.024999999999999911e-01 3.625366142347047869e-03
3.162499999999999756e-01 4.216069985301677293e-03
3.300000000000000155e-01 5.010788588910103369e-03
3.437500000000000000e-01 6.000189283786079228e-03
3.574999999999999845e-01 7.158713441938845470e-03
3.712500000000000244e-01 8.447630786777486286e-03
3.850000000000000089e-01 9.819699784038413495e-03
3.987499999999999933e-01 1.122492473701501743e-02
4.124999999999999778e-01 1.261676361777752664e-02
4.262500000000000178e-01 1.395807529800589634e-02
4.400000000000000022e-01 1.522610947974433089e-02
4.537499999999999867e-01 1.641593718966547974e-02
4.675000000000000266e-01 1.754188510285400321e-02
4.812500000000000111e-01 1.863675595655874678e-02
4.949999999999999956e-01 1.974886626536313458e-02
5.087500000000000355e-01 2.093718394618162074e-02
5.224999999999999645e-01 2.226507390943914533e-02
5.362500000000000044e-01 2.379333303974552616e-02
5.500000000000000444e-01 2.557329636688063929e-02
5.637499999999999734e-01 2.764081037576780406e-02
5.775000000000000133e-01 3.001179340103764248e-02
5.912500000000000533e-01 3.267994295477794769e-02
6.049999999999999822e-01 3.561692125656778368e-02
6.187500000000000222e-01 3.877507685466269338e-02
6.324999999999999512e-01 4.209247139365002166e-02
6.462499999999999911e-01 4.549970822633150891e-02
6.600000000000000311e-01 4.892783475465978249e-02
6.737499999999999600e-01 5.231643988844435905e-02
6.875000000000000000e-01 5.562101125014350111e-02
7.012500000000000400e-01 5.881866345675270530e-02
7.149999999999999689e-01 6.191149766106870955e-02
7.287500000000000089e-01 6.492709098483910590e-02
7.425000000000000488e-01 6.791591975386966629e-02
7.562499999999999778e-01 7.094586169692529420e-02
7.700000000000000178e-01 7.409426362892657103e-02
7.837500000000000577e-01 7.743836541318134536e-02
7.974999999999999867e-01 8.104510360819819348e-02
8.112500000000000266e-01 8.496145095616999821e-02
8.249999999999999556e-01 8.920646215215125019e-02
8.387499999999999956e-01 9.376608540148013982e-02
8.525000000000000355e-01 9.859156934719566501e-02
8.662499999999999645e-01 1.036019649772655371e-01
8.800000000000000044e-01 1.086908222077821173e-01
8.937500000000000444e-01 1.137367494617774477e-01
9.074999999999999734e-01 1.186170848463317801e-01
9.212500000000000133e-01 1.232235629229770646e-01
9.350000000000000533e-01 1.274785908766969678e-01
9.487499999999999822e-01 1.313506031224102033e-01
9.625000000000000222e-01 1.348669633268759493e-01
9.762499999999999512e-01 1.381230327207638719e-01
9.899999999999999911e-01 1.412863137210795816e-01
1.003749999999999920e+00 1.445949841800850955e-01
1.017500000000000071e+00 1.483506235880932000e-01
1.031250000000000000e+00 1.529054528678787384e-01
1.044999999999999929e+00 1.586449139593072433e-01
1.058750000000000080e+00 1.659668544435652371e-01
1.072500000000000009e+00 1.752589115313358537e-01
1.086249999999999938e+00 1.868758742552786012e-01
1.100000000000000089e+00 2.011188216601922374e-01
1.113750000000000018e+00 2.182176831626391478e-01
1.127499999999999947e+00 2.383185568970109247e-01
1.141250000000000098e+00 2.614766806602780713e-01
1.155000000000000027e+00 2.876554195026698735e-01
1.168749999999999956e+00 3.167310653330405734e-01
1.182500000000000107e+00 3.485026932132447852e-01
1.196250000000000036e+00 3.827058417586072236e-01
1.209999999999999964e+00 4.190284305021949596e-01
1.223750000000000115e+00 4.571271332369715168e-01
1.237500000000000044e+00 4.966424159559283957e-01
1.251249999999999973e+00 5.372106259029589825e-01
1.264999999999999902e+00 5.784718704697512370e-01
1.278750000000000053e+00 6.200729194148034695e-01
1.292499999999999982e+00 6.616649541930615941e-01
1.306249999999999911e+00 7.028966162535132955e-01
1.320000000000000062e+00 7.434034087298575511e-01
1.333749999999999991e+00 7.827950203940113871e-01
1.347499999999999920e+00 8.206425112274916556e-01
1.361250000000000071e+00 8.564674820690231227e-01
1.375000000000000000e+00 8.897353200602804435e-01
1.388749999999999929e+00 9.198543605590383532e-01
1.402500000000000080e+00 9.461823494907999343e-01
1.416250000000000009e+00 9.680409627528535621e-01
1.429999999999999938e+00 9.847383937922794539e-01
1.443750000000000089e+00 9.955992224123274559e-01
1.457500000000000018e+00 1.000000000000000000e+00
1.471249999999999947e+00 9.974083020983455228e-01
1.485000000000000098e+00 9.874224757688271348e-01
1.498750000000000027e+00 9.698090011655974285e-01
1.512499999999999956e+00 9.445343310007190407e-01
1.526250000000000107e+00 9.117882833536234966e-01
1.540000000000000036e+00 8.719965343774435107e-01
1.553749999999999964e+00 8.258204565240764294e-01
1.567500000000000115e+00 7.741434227954478997e-01
1.581250000000000044e+00 7.180436795468100319e-01
1.594999999999999973e+00 6.587549001030905682e-01
1.608749999999999902e+00 5.976164855674039877e-01
1.622500000000000053e+00 5.360164976720005470e-01
1.636249999999999982e+00 4.753307216041298688e-01
1.649999999999999911e+00 4.168617110986550522e-01
1.663750000000000062e+00 3.617817315106590104e-01
1.677499999999999991e+00 3.110832808494464752e-01
1.691249999999999920e+00 2.655403504540247428e-01
1.705000000000000071e+00 2.256828261518564749e-01
1.718750000000000000e+00 1.917854874752535910e-01
1.732499999999999929e+00 1.638720119042297862e-01
1.746250000000000080e+00 1.417333168786529263e-01
1.760000000000000009e+00 1.249585597618227406e-01
1.773749999999999938e+00 1.129762447538172065e-01
1.787500000000000089e+00 1.051022234757083007e-01
1.801250000000000018e+00 1.005909724135322370e-01
1.814999999999999947e+00 9.868641382024569142e-02
1.828750000000000098e+00 9.866872150350619597e-02
1.842500000000000027e+00 9.989399988737455993e-02
1.856249999999999956e+00 1.018244027130028873e-01
1.870000000000000107e+00 1.040471075388102462e-01
1.883750000000000036e+00 1.062815117157948352e-01
1.897499999999999964e+00 1.083749859103007723e-01
1.911250000000000115e+00 1.102884335467924637e-01
1.925000000000000044e+00 1.120736861021946473e-01
1.938749999999999973e+00 1.138453544999015465e-01
1.952499999999999902e+00 1.157501122463118204e-01
1.966250000000000053e+00 1.179364827577761704e-01
1.979999999999999982e+00 1.205280393613293172e-01
1.993749999999999911e+00 1.236025207185495745e-01
2.007499999999999840e+00 1.271787550827230828e-01
2.021250000000000213e+00 1.312125276776428540e-01
2.035000000000000142e+00 1.356016813966279544e-01
2.048750000000000071e+00 1.401998823582082665e-01
2.062500000000000000e+00 1.448376788974953533e-01
2.076249999999999929e+00 1.493487999540106803e-01
2.089999999999999858e+00 1.535991306103295928e-01
2.103750000000000231e+00 1.575155082993928979e-01
2.117500000000000160e+00 1.611114252598934982e-01
2.131250000000000089e+00 1.645069049586119769e-01
2.145000000000000018e+00 1.679402277708608449e-01
2.158749999999999947e+00 1.717697826424003371e-01
2.172499999999999876e+00 1.764650709487739777e-01
2.186249999999999805e+00 1.825867299512936581e-01
2.200000000000000178e+00 1.907563134867031607e-01
2.213750000000000107e+00 2.016174025326445962e-01
2.227500000000000036e+00 2.157903567119162647e-01
2.241249999999999964e+00 2.338236054608199832e-01
2.254999999999999893e+00 2.561447711147660233e-01
2.268749999999999822e+00 2.830150857660934105e-01
2.282500000000000195e+00 3.144904950205876792e-01
2.296250000000000124e+00 3.503925364503024387e-01
2.310000000000000053e+00 3.902915561617389395e-01
2.323749999999999982e+00 4.335041155312238659e-01
2.337499999999999911e+00 4.791055861847605124e-01
2.351249999999999840e+00 5.259579885121468124e-01
2.365000000000000213e+00 5.727521571814995216e-01
2.378750000000000142e+00 6.180623782778177366e-01
2.392500000000000071e+00 6.604107972521673364e-01
2.406250000000000000e+00 6.983381999581776967e-01
2.419999999999999929e+00 7.304772671070124401e-01
2.433749999999999858e+00 7.556241303691083600e-01
2.447500000000000231e+00 7.728040372021492965e-01
2.461250000000000160e+00 7.813271672104872279e-01
2.475000000000000089e+00 7.808311256206161843e-01
2.488750000000000018e+00 7.713073440894707700e-01
2.502499999999999947e+00 7.531095062425764430e-01
2.516249999999999876e+00 7.269431337961652639e-01
2.529999999999999805e+00 6.938365585195856999e-01
2.543750000000000178e+00 6.550945997762489537e-01
2.557500000000000107e+00 6.122372995093674497e-01
2.571250000000000036e+00 5.669269714880482702e-01
2.584999999999999964e+00 5.208875413286061518e-01
2.598749999999999893e+00 4.758206407831865881e-01
2.612499999999999822e+00 4.333231404619977689e-01
2.626250000000000195e+00 3.948107423329693666e-01
2.640000000000000124e+00 3.614519077189813911e-01
2.653750000000000053e+00 3.341157870344528824e-01
2.667499999999999982e+00 3.133369805171016265e-01
2.681249999999999911e+00 2.992989464072214889e-01
2.694999999999999840e+00 2.918367482733168483e-01
2.708750000000000213e+00 2.904586684264863772e-01
2.722500000000000142e+00 2.943850848659928521e-01
2.736250000000000071e+00 3.026019884083069322e-01
2.750000000000000000e+00 3.139256711117571763e-01
2.763749999999999929e+00 3.270745017262501886e-01
2.777499999999999858e+00 3.407433579768327503e-01
2.791250000000000231e+00 3.536762298278225414e-01
2.805000000000000160e+00 3.647327431659236896e-01
2.818750000000000089e+00 3.729448600468133757e-01
2.832500000000000018e+00 3.775607513625646727e-01
2.846249999999999947e+00 3.780737560189424973e-01
2.859999999999999876e+00 3.742353709073984458e-01
2.873749999999999805e+00 3.660522844389548780e-01
2.887500000000000178e+00 3.537684978720293527e-01
2.901250000000000107e+00 3.378345018033067637e-01
2.915000000000000036e+00 3.188662279839567515e-01
2.928749999999999964e+00 2.975970309076051978e-01
2.942499999999999893e+00 2.748262385245057726e-01
2.956249999999999822e+00 2.513678354605516918e-01
2.970000000000000195e+00 2.280026136221700028e-01
2.983750000000000124e+00 2.054366712085604063e-01
2.997500000000000053e+00 1.842685053292379416e-01
3.011249999999999982e+00 1.649661814535850479e-01
3.024999999999999911e+00 1.478552382795542686e-01
3.038749999999999840e+00 1.331171651636685604e-01
3.052500000000000213e+00 1.207975338923588243e-01
3.066250000000000142e+00 1.108222322259187348e-01
3.080000000000000071e+00 1.030197760891294195e-01
3.093750000000000000e+00 9.714739807856669074e-02
3.107499999999999929e+00 9.291853275490567776e-02
3.121249999999999858e+00 9.002943751386105475e-02
3.135000000000000231e+00 8.818297933556576429e-02
3.148750000000000160e+00 8.710804675630662297e-02
3.162500000000000089e+00 8.657356768222211618e-02
3.176250000000000018e+00 8.639667654516051953e-02
3.189999999999999947e+00 8.644512748694220539e-02
3.203749999999999876e+00 8.663454630614328411e-02
3.217499999999999805e+00 8.692151323035264554e-02
3.231250000000000178e+00 8.729374260964466170e-02
3.245000000000000107e+00 8.775875880878759860e-02
3.258750000000000036e+00 8.833245812331183555e-02
3.272499999999999964e+00 8.902880590242244485e-02
3.286249999999999893e+00 8.985166916041900653e-02
3.299999999999999822e+00 9.078945948048680603e-02
3.313750000000000195e+00 9.181289596116543050e-02
3.327500000000000124e+00 9.287583186030562432e-02
3.341250000000000053e+00 9.391875775704584817e-02
3.354999999999999982e+00 9.487432916695365259e-02
3.368749999999999911e+00 9.567408998666121489e-02
3.382499999999999840e+00 9.625548720847557083e-02
3.396250000000000213e+00 9.656829853812302911e-02
3.410000000000000142e+00 9.657971396516784601e-02
3.423750000000000071e+00 9.627750705409902909e-02
3.437500000000000000e+00 9.567097703678838216e-02
3.451249999999999929e+00 9.478961001675409448e-02
3.464999999999999858e+00 9.367966719579454149e-02
3.478750000000000231e+00 9.239913265157775890e-02
3.492500000000000160e+00 9.101162039203326837e-02
3.506250000000000089e+00 8.957993477780702707e-02
3.520000000000000018e+00 8.815999286816073033e-02
3.533749999999999947e+00 8.679575348857697381e-02
3.547499999999999876e+00 8.551566575985385110e-02
3.561249999999999805e+00 8.433096628306917253e-02
3.575000000000000178e+00 8.323594083634204555e-02
3.588750000000000107e+00 8.221004742438030310e-02
3.602500000000000036e+00 8.122159674010567820e-02
3.616249999999999964e+00 8.023252472659549162e-02
3.629999999999999893e+00 7.920368625194768031e-02
3.643749999999999822e+00 7.810005873981432090e-02
3.657500000000000195e+00 7.689527241736907048e-02
3.671250000000000124e+00 7.557497475055389990e-02
3.685000000000000053e+00 7.413867907801779955e-02
3.698749999999999982e+00 7.259992463083862757e-02
3.712499999999999911e+00 7.098476692372579500e-02
3.726249999999999840e+00 6.932880273624407452e-02
3.740000000000000213e+00 6.767309259765159901e-02
3.753750000000000142e+00 6.605945920083299006e-02
3.767500000000000071e+00 6.452570088726453101e-02
3.781250000000000000e+00 6.310125981872014012e-02
3.794999999999999929e+00 6.180382584966502557e-02
3.808749999999999858e+00 6.063724695283760624e-02
3.822500000000000231e+00 5.959096825620343457e-02
3.836250000000000160e+00 5.864105116385075894e-02
3.850000000000000089e+00 5.775265052840337227e-02
3.863750000000000018e+00 5.688367025595619797e-02
3.877499999999999947e+00 5.598919283901387239e-02
3.891249999999999876e+00 5.502619909212316113e-02
3.904999999999999805e+00 5.395806863107557860e-02
3.918750000000000178e+00 5.275838132135489411e-02
3.932500000000000107e+00 5.141362096056939501e-02
3.946250000000000036e+00 4.992450533031590060e-02
3.959999999999999964e+00 4.830581758726831820e-02
3.973749999999999893e+00 4.658477610696975385e-02
3.987499999999999822e+00 4.479813573804527355e-02
4.001249999999999751e+00 4.298834631014000068e-02
4.014999999999999680e+00 4.119919022825492549e-02
4.028749999999999609e+00 3.947137031605166962e-02
4.042500000000000426e+00 3.783851713526906191e-02
4.056250000000000355e+00 3.632403277482310067e-02
4.070000000000000284e+00 3.493909192425292964e-02
4.083750000000000213e+00 3.368199189878821886e-02
4.097500000000000142e+00 3.253889552269628727e-02
4.111250000000000071e+00 3.148586054825682629e-02
4.125000000000000000e+00 3.049191276537562001e-02
4.138749999999999929e+00 2.952281161238950319e-02
4.152499999999999858e+00 2.854508816945189667e-02
4.166249999999999787e+00 2.752991274541910852e-02
4.179999999999999716e+00 2.645637463351745849e-02
4.193749999999999645e+00 2.531382659858698314e-02
4.207500000000000462e+00 2.410305310733555639e-02
4.221250000000000391e+00 2.283615225163876036e-02
4.235000000000000320e+00 2.153516230045538979e-02
4.248750000000000249e+00 2.022959951833936884e-02
4.262500000000000178e+00 1.895318974996603248e-02
4.276250000000000107e+00 1.774016005974134516e-02
4.290000000000000036e+00 1.662149981444232053e-02
4.303749999999999964e+00 1.562159887862712808e-02
4.317499999999999893e+00 1.475562481038036194e-02
4.331249999999999822e+00 1.402791658943314257e-02
4.344999999999999751e+00 1.343155905951381492e-02
4.358749999999999680e+00 1.294917250787260866e-02
4.372499999999999609e+00 1.255481983961247681e-02
4.386250000000000426e+00 1.221681390329247725e-02
4.400000000000000355e+00 1.190111248913262518e-02
4.413750000000000284e+00 1.157492832407611659e-02
4.427500000000000213e+00 1.121016213035768740e-02
4.441250000000000142e+00 1.078629011419775761e-02
4.455000000000000071e+00 1.029240012034821766e-02
4.468750000000000000e+00 9.728165905087684043e-03
4.482499999999999929e+00 9.103665915540704381e-03
4.496249999999999858e+00 8.438078762102388039e-03
4.509999999999999787e+00 7.757408562089474283e-03
4.523749999999999716e+00 7.091496510595625760e-03
4.537499999999999645e+00 6.470649452235016988e-03
4.551250000000000462e+00 5.922254155237470508e-03
4.565000000000000391e+00 5.467743713220459857e-03
4.578750000000000320e+00 5.120240680016205533e-03
4.592500000000000249e+00 4.883125096926589463e-03
4.606250000000000178e+00 4.749673101555670386e-03
4.620000000000000107e+00 4.703794634136834046e-03
4.633750000000000036e+00 4.721779674273642730e-03
4.647499999999999964e+00 4.774854319697150948e-03
4.661249999999999893e+00 4.832262420720150053e-03
4.674999999999999822e+00 4.864534428111408522e-03
4.688749999999999751e+00 4.846588126347865962e-03
4.702499999999999680e+00 4.760327484473993002e-03
4.716249999999999609e+00 4.596463266523008809e-03
4.730000000000000426e+00 4.355365764325496922e-03
4.743750000000000355e+00 4.046866408893106531e-03
4.757500000000000284e+00 3.689039411948220621e-03
4.771250000000000213e+00 3.306104561628371227e-03
4.785000000000000142e+00 2.925686013394175784e-03
4.798750000000000071e+00 2.575729408936460775e-03
4.812500000000000000e+00 2.281413873652885643e-03
4.826249999999999929e+00 2.062392992698378492e-03
4.839999999999999858e+00 1.930660339987549890e-03
4.853749999999999787e+00 1.889265014884818853e-03
4.867499999999999716e+00 1.932008778511046243e-03
4.881249999999999645e+00 2.044149119769957286e-03
4.895000000000000462e+00 2.204023619860169102e-03
4.908750000000000391e+00 2.385412104516460106e-03
4.922500000000000320e+00 2.560374866715517308e-03
4.936250000000000249e+00 2.702255978173490752e-03
4.950000000000000178e+00 2.788525460181305420e-03
4.963750000000000107e+00 2.803154212997825082e-03
4.977500000000000036e+00 2.738268637911407156e-03
4.991249999999999964e+00 2.594911825497315128e-03
5.004999999999999893e+00 2.382836171562899893e-03
5.018749999999999822e+00 2.119357587594404655e-03
5.032499999999999751e+00 1.827402662202208322e-03
5.046249999999999680e+00 1.532966308816717613e-03
5.059999999999999609e+00 1.262259416254167587e-03
5.073750000000000426e+00 1.038857302829807473e-03
5.087500000000000355e+00 8.811572276560660161e-04
5.101250000000000284e+00 8.004173784481805531e-04
5.115000000000000213e+00 7.995847668652542343e-04
5.128750000000000142e+00 8.730325686479735838e-04
5.142500000000000071e+00 1.007228203307718086e-03
5.156250000000000000e+00 1.182252672575950184e-03
5.169999999999999929e+00 1.374000265512609299e-03
5.183749999999999858e+00 1.556815493376736623e-03
5.197499999999999787e+00 1.706278696582589011e-03
5.211249999999999716e+00 1.801837871943553744e-03
5.224999999999999645e+00 1.829003163601036850e-03
5.238750000000000462e+00 1.780869857872605447e-03
5.252500000000000391e+00 1.658810056435386674e-03
5.266250000000000320e+00 1.472264258029715254e-03
5.280000000000000249e+00 1.237661895596592907e-03
5.293750000000000178e+00 9.765938363120296034e-04
5.307500000000000107e+00 7.134398335016157739e-04
5.321250000000000036e+00 4.727113829004041539e-04
5.334999999999999964e+00 2.763993360092259033e-04
5.348749999999999893e+00 1.416130439754879791e-04
5.362499999999999822e+00 7.876425088179596270e-05
5.376249999999999751e+00 9.048827196341244813e-05
5.389999999999999680e+00 1.714139290780168927e-04
5.403749999999999609e+00 3.088011752632769140e-04
5.417500000000000426e+00 4.839714017181151852e-04
5.431250000000000355e+00 6.743702437059735698e-04
5.445000000000000284e+00 8.560354289302815915e-04
5.458750000000000213e+00 1.006199987715371670e-03
5.472500000000000142e+00 1.105748358472949389e-03
5.486250000000000071e+00 1.141260753940427078e-03
5.500000000000000000e+00 1.106427467551743954e-03
