0.000000000000000000e+00 0.000000000000000000e+00
1.375000000000000007e-02 -3.093171741530964265e-03
2.750000000000000014e-02 -6.129691593534932620e-03
4.125000000000000194e-02 -9.053670034984528936e-03
5.500000000000000028e-02 -1.181073243251040857e-02
6.875000000000000555e-02 -1.434875197792174865e-02
8.250000000000000389e-02 -1.661855354455568992e-02
9.625000000000000222e-02 -1.857457930876934074e-02
1.100000000000000006e-01 -2.017550743790342410e-02
1.237499999999999989e-01 -2.138481570507063181e-02
1.375000000000000111e-01 -2.217128254782627095e-02
1.512499999999999956e-01 -2.250941883470775062e-02
1.650000000000000078e-01 -2.237982443231538443e-02
1.787499999999999922e-01 -2.176946456663608406e-02
1.925000000000000044e-01 -2.067186193544009662e-02
2.062499999999999889e-01 -1.908720154285760071e-02
2.200000000000000011e-01 -1.702234628110738807e-02
2.337500000000000133e-01 -1.449076236578004245e-02
2.474999999999999978e-01 -1.151235482772661189e-02
2.612499999999999822e-01 -8.113214363902304660e-03
2.750000000000000222e-01 -4.325277938864029691e-03
2.887500000000000067e-01 -1.859065954846277318e-04
3.024999999999999911e-01 4.262615034486703404e-03
3.162499999999999756e-01 8.973652044053471305e-03
3.300000000000000155e-01 1.389685898570468432e-02
3.437500000000000000e-01 1.897887876606530605e-02
3.574999999999999845e-01 2.416409266032553890e-02
3.712500000000000244e-01 2.939541271571802575e-02
3.850000000000000089e-01 3.461510721938076268e-02
3.987499999999999933e-01 3.976564941589152968e-02
4.124999999999999778e-01 4.479057927968579933e-02
4.262500000000000178e-01 4.963536788235549391e-02
4.400000000000000022e-01 5.424827374809883251e-02
4.537499999999999867e-01 5.858118056467814805e-02
4.675000000000000266e-01 6.259040571310825474e-02
4.812500000000000111e-01 6.623746929660723204e-02
4.949999999999999956e-01 6.948981368635281930e-02
5.087500000000000355e-01 7.232146405527803412e-02
5.224999999999999645e-01 7.471362093714505048e-02
5.362500000000000044e-01 7.665517652085315770e-02
5.500000000000000444e-01 7.814314716255676974e-02
5.637499999999999734e-01 7.918301546273784353e-02
5.775000000000000133e-01 7.978897620291859616e-02
5.912500000000000533e-01 7.998408145726607077e-02
6.049999999999999822e-01 7.980028127712965325e-02
6.187500000000000222e-01 7.927835748006971384e-02
6.324999999999999512e-01 7.846774924701761800e-02
6.462499999999999911e-01 7.742627042927373304e-02
6.600000000000000311e-01 7.621971967812406212e-02
6.737499999999999600e-01 7.492138572079587444e-02
6.875000000000000000e-01 7.361145130405209736e-02
7.012500000000000400e-01 7.237630049780376107e-02
7.149999999999999689e-01 7.130773518277723488e-02
7.287500000000000089e-01 7.050210762597539094e-02
7.425000000000000488e-01 7.005937706333345560e-02
7.562499999999999778e-01 7.008209914920147943e-02
7.700000000000000178e-01 7.067435798638312117e-02
7.837500000000000577e-01 7.194065120867174090e-02
7.974999999999999867e-01 7.398473924128752544e-02
8.112500000000000266e-01 7.690847040564677273e-02
8.249999999999999556e-01 8.081059395686394919e-02
8.387499999999999956e-01 8.578557344001792873e-02
8.525000000000000355e-01 9.192241292041603007e-02
8.662499999999999645e-01 9.930350868122922448e-02
8.800000000000000044e-01 1.080035388875827534e-01
8.937500000000000444e-01 1.180884034896080292e-01
9.074999999999999734e-01 1.296142262795347555e-01
9.212500000000000133e-01 1.426264305325324888e-01
9.350000000000000533e-01 1.571588990519123541e-01
9.487499999999999822e-01 1.732332287120517955e-01
9.625000000000000222e-01 1.908580887537938975e-01
9.762499999999999512e-01 2.100286911451662297e-01
9.899999999999999911e-01 2.307263802841492684e-01
1.003749999999999920e+00 2.529183482000920691e-01
1.017500000000000071e+00 2.765574802172903190e-01
1.031250000000000000e+00 3.015823347900628004e-01
1.044999999999999929e+00 3.279172599160217194e-01
1.058750000000000080e+00 3.554726471961362488e-01
1.072500000000000009e+00 3.841453232502803350e-01
1.086249999999999938e+00 4.138190768289584098e-01
1.100000000000000089e+00 4.443653185997844535e-01
1.113750000000000018e+00 4.756438692450024597e-01
1.127499999999999947e+00 5.075038701975868038e-01
1.141250000000000098e+00 5.397848100817727035e-01
1.155000000000000027e+00 5.723176587222423839e-01
1.168749999999999956e+00 6.049260994570667682e-01
1.182500000000000107e+00 6.374278494446528054e-01
1.196250000000000036e+00 6.696360567052299650e-01
1.209999999999999964e+00 7.013607617928829807e-01
1.223750000000000115e+00 7.324104112635989594e-01
1.237500000000000044e+00 7.625934094961448473e-01
1.251249999999999973e+00 7.917196949423511709e-01
1.264999999999999902e+00 8.196023265367192723e-01
1.278750000000000053e+00 8.460590657863346076e-01
1.292499999999999982e+00 8.709139399931307146e-01
1.306249999999999911e+00 8.939987721329575310e-01
1.320000000000000062e+00 9.151546631292466483e-01
1.333749999999999991e+00 9.342334126115929838e-01
1.347499999999999920e+00 9.510988647382961902e-01
1.361250000000000071e+00 9.656281662821093459e-01
1.375000000000000000e+00 9.777129249245412046e-01
1.388749999999999929e+00 9.872602565687436105e-01
1.402500000000000080e+00 9.941937114561345545e-01
1.416250000000000009e+00 9.984540699480013437e-01
1.429999999999999938e+00 1.000000000000000000e+00
1.443750000000000089e+00 9.988085696033741634e-01
1.457500000000000018e+00 9.948756087798075187e-01
1.471249999999999947e+00 9.882159170842303997e-01
1.485000000000000098e+00 9.788633139784098658e-01
1.498750000000000027e+00 9.668705308739418136e-01
1.512499999999999956e+00 9.523089450924870913e-01
1.526250000000000107e+00 9.352681574394715591e-01
1.540000000000000036e+00 9.158554165211737486e-01
1.553749999999999964e+00 8.941948943399605776e-01
1.567500000000000115e+00 8.704268190650703563e-01
1.581250000000000044e+00 8.447064721834094403e-01
1.594999999999999973e+00 8.172030584738485537e-01
1.608749999999999902e+00 7.880984584075952926e-01
1.622500000000000053e+00 7.575858736452030229e-01
1.636249999999999982e+00 7.258683772676322032e-01
1.649999999999999911e+00 6.931573812353148956e-01
1.663750000000000062e+00 6.596710343073803884e-01
1.677499999999999991e+00 6.256325642662938780e-01
1.691249999999999920e+00 5.912685787755511679e-01
1.705000000000000071e+00 5.568073395455094277e-01
1.718750000000000000e+00 5.224770246920320549e-01
1.732499999999999929e+00 4.885039942427504833e-01
1.746250000000000080e+00 4.551110736763905873e-01
1.760000000000000009e+00 4.225158701728070065e-01
1.773749999999999938e+00 3.909291359077418648e-01
1.787500000000000089e+00 3.605531922508777298e-01
1.801250000000000018e+00 3.315804281233846740e-01
1.814999999999999947e+00 3.041918850485271775e-01
1.828750000000000098e+00 2.785559405933354382e-01
1.842500000000000027e+00 2.548271009595334258e-01
1.856249999999999956e+00 2.331449124474228862e-01
1.870000000000000107e+00 2.136330003976509295e-01
1.883750000000000036e+00 1.963982430240195642e-01
1.897499999999999964e+00 1.815300862974942586e-01
1.911250000000000115e+00 1.691000047398141803e-01
1.925000000000000044e+00 1.591611116472999021e-01
1.938749999999999973e+00 1.517479209046677102e-01
1.952499999999999902e+00 1.468762611781047334e-01
1.966250000000000053e+00 1.445433419096578964e-01
1.979999999999999982e+00 1.447279691842285054e-01
1.993749999999999911e+00 1.473909082189319986e-01
2.007499999999999840e+00 1.524753879446707483e-01
2.021250000000000213e+00 1.599077419233567721e-01
2.035000000000000142e+00 1.695981786826378235e-01
2.048750000000000071e+00 1.814416734636642436e-01
2.062500000000000000e+00 1.953189723762170926e-01
2.076249999999999929e+00 2.110976990480683269e-01
2.089999999999999858e+00 2.286335530496275137e-01
2.103750000000000231e+00 2.477715886774198295e-01
2.117500000000000160e+00 2.683475620963303165e-01
2.131250000000000089e+00 2.901893343752572907e-01
2.145000000000000018e+00 3.131183176070079788e-01
2.158749999999999947e+00 3.369509510829647447e-01
2.172499999999999876e+00 3.615001943969517462e-01
2.186249999999999805e+00 3.865770243803125505e-01
2.200000000000000178e+00 4.119919229198282240e-01
2.213750000000000107e+00 4.375563429787853731e-01
2.227500000000000036e+00 4.630841405252552612e-01
2.241249999999999964e+00 4.883929605652697070e-01
2.254999999999999893e+00 5.133055660759991978e-01
2.268749999999999822e+00 5.376510993280527728e-01
2.282500000000000195e+00 5.612662658686621286e-01
2.296250000000000124e+00 5.839964323000428337e-01
2.310000000000000053e+00 6.056966299201456128e-01
2.323749999999999982e+00 6.262324572862888461e-01
2.337499999999999911e+00 6.454808758053145468e-01
2.351249999999999840e+00 6.633308935360671121e-01
2.365000000000000213e+00 6.796841334999820239e-01
2.378750000000000142e+00 6.944552839222579710e-01
2.392500000000000071e+00 7.075724289581324378e-01
2.406250000000000000e+00 7.189772595850353332e-01
2.419999999999999929e+00 7.286251654510226272e-01
2.433749999999999858e+00 7.364852095521270403e-01
2.447500000000000231e+00 7.425399886560751783e-01
2.461250000000000160e+00 7.467853833874156244e-01
2.475000000000000089e+00 7.492302028305575234e-01
2.488750000000000018e+00 7.498957293841171934e-01
2.502499999999999947e+00 7.488151704047725232e-01
2.516249999999999876e+00 7.460330239048535983e-01
2.529999999999999805e+00 7.416043662092878241e-01
2.543750000000000178e+00 7.355940700294322232e-01
2.557500000000000107e+00 7.280759618699127467e-01
2.571250000000000036e+00 7.191319280469290476e-01
2.584999999999999964e+00 7.088509788607920692e-01
2.598749999999999893e+00 6.973282806309057946e-01
2.612499999999999822e+00 6.846641653681868611e-01
2.626250000000000195e+00 6.709631278292922385e-01
2.640000000000000124e+00 6.563328195711736202e-01
2.653750000000000053e+00 6.408830494065028693e-01
2.667499999999999982e+00 6.247247993545412825e-01
2.681249999999999911e+00 6.079692647927852356e-01
2.694999999999999840e+00 5.907269270479759138e-01
2.708750000000000213e+00 5.731066661270693974e-01
2.722500000000000142e+00 5.552149206865010234e-01
2.736250000000000071e+00 5.371549016790667652e-01
2.750000000000000000e+00 5.190258654099237923e-01
2.763749999999999929e+00 5.009224509848256846e-01
2.777499999999999858e+00 4.829340863534836159e-01
2.791250000000000231e+00 4.651444663474353924e-01
2.805000000000000160e+00 4.476311052940135649e-01
2.818750000000000089e+00 4.304649659645741200e-01
2.832500000000000018e+00 4.137101657949230904e-01
2.846249999999999947e+00 3.974237605071753721e-01
2.859999999999999876e+00 3.816556044734880082e-01
2.873749999999999805e+00 3.664482864008249408e-01
2.887500000000000178e+00 3.518371381897508754e-01
2.901250000000000107e+00 3.378503141358362716e-01
2.915000000000000036e+00 3.245089370060130762e-01
2.928749999999999964e+00 3.118273069397120567e-01
2.942499999999999893e+00 2.998131686007349250e-01
2.956249999999999822e+00 2.884680315448330257e-01
2.970000000000000195e+00 2.777875383732804071e-01
2.983750000000000124e+00 2.677618749169417556e-01
2.997500000000000053e+00 2.583762164404068140e-01
3.011249999999999982e+00 2.496112036725798289e-01
3.024999999999999911e+00 2.414434423590263723e-01
3.038749999999999840e+00 2.338460199917853921e-01
3.052500000000000213e+00 2.267890334028886956e-01
3.066250000000000142e+00 2.202401210065122461e-01
3.080000000000000071e+00 2.141649936386376130e-01
3.093750000000000000e+00 2.085279581689727380e-01
3.107499999999999929e+00 2.032924283435826596e-01
3.121249999999999858e+00 1.984214176536363561e-01
3.135000000000000231e+00 1.938780094107699081e-01
3.148750000000000160e+00 1.896257996373466315e-01
3.162500000000000089e+00 1.856293088443935480e-01
3.176250000000000018e+00 1.818543592651810370e-01
3.189999999999999947e+00 1.782684146318027907e-01
3.203749999999999876e+00 1.748408801193302997e-01
3.217499999999999805e+00 1.715433606305013514e-01
3.231250000000000178e+00 1.683498761470167415e-01
3.245000000000000107e+00 1.652370334248497441e-01
3.258750000000000036e+00 1.621841538542746763e-01
3.272499999999999964e+00 1.591733578345476963e-01
3.286249999999999893e+00 1.561896065225426566e-01
3.299999999999999822e+00 1.532207022987842338e-01
3.313750000000000195e+00 1.502572497482345948e-01
3.327500000000000124e+00 1.472925793723270371e-01
3.341250000000000053e+00 1.443226366291105733e-01
3.354999999999999982e+00 1.413458392364337346e-01
3.368749999999999911e+00 1.383629059659799987e-01
3.382499999999999840e+00 1.353766604013062758e-01
3.396250000000000213e+00 1.323918133291160926e-01
3.410000000000000142e+00 1.294147275787263240e-01
3.423750000000000071e+00 1.264531692195373924e-01
3.437500000000000000e+00 1.235160490704467207e-01
3.451249999999999929e+00 1.206131584692245462e-01
3.464999999999999858e+00 1.177549031952484088e-01
3.478750000000000231e+00 1.149520393374405952e-01
3.492500000000000160e+00 1.122154147532084811e-01
3.506250000000000089e+00 1.095557195764290531e-01
3.520000000000000018e+00 1.069832490063834379e-01
3.533749999999999947e+00 1.045076813486501000e-01
3.547499999999999876e+00 1.021378739874020947e-01
3.561249999999999805e+00 9.988167965052789643e-02
3.575000000000000178e+00 9.774578498913397140e-02
3.588750000000000107e+00 9.573557313593107632e-02
3.602500000000000036e+00 9.385501153760274218e-02
3.616249999999999964e+00 9.210656597935958090e-02
3.629999999999999893e+00 9.049114134039290547e-02
3.643749999999999822e+00 8.900804924159903819e-02
3.657500000000000195e+00 8.765500237650016013e-02
3.671250000000000124e+00 8.642813495718519590e-02
3.685000000000000053e+00 8.532204836365549216e-02
3.698749999999999982e+00 8.432988076115474629e-02
3.712499999999999911e+00 8.344339914960799409e-02
3.726249999999999840e+00 8.265311203549234598e-02
3.740000000000000213e+00 8.194840067227363023e-02
3.753750000000000142e+00 8.131766660345800257e-02
3.767500000000000071e+00 8.074849306443486474e-02
3.781250000000000000e+00 8.022781765719103064e-02
3.794999999999999929e+00 7.974211360684288485e-02
3.808749999999999858e+00 7.927757684136903238e-02
3.822500000000000231e+00 7.882031610615333750e-02
3.836250000000000160e+00 7.835654333262570548e-02
3.850000000000000089e+00 7.787276152467513535e-02
3.863750000000000018e+00 7.735594750640410744e-02
3.877499999999999947e+00 7.679372698851535950e-02
3.891249999999999876e+00 7.617453955619937767e-02
3.904999999999999805e+00 7.548779135635756699e-02
3.918750000000000178e+00 7.472399346366950801e-02
3.932500000000000107e+00 7.387488413032082535e-02
3.946250000000000036e+00 7.293353336990875124e-02
3.959999999999999964e+00 7.189442858861347374e-02
3.973749999999999893e+00 7.075354025254013135e-02
3.987499999999999822e+00 6.950836686542349874e-02
4.001249999999999751e+00 6.815795882181079068e-02
4.014999999999999680e+00 6.670292099357968962e-02
4.028749999999999609e+00 6.514539419834093625e-02
4.042500000000000426e+00 6.348901598324988016e-02
4.056250000000000355e+00 6.173886143332599913e-02
4.070000000000000284e+00 5.990136497616648653e-02
4.083750000000000213e+00 5.798422440165556385e-02
4.097500000000000142e+00 5.599628854295248676e-02
4.111250000000000071e+00 5.394743027096381843e-02
4.125000000000000000e+00 5.184840663625593649e-02
4.138749999999999929e+00 4.971070814789931708e-02
4.152499999999999858e+00 4.754639930632461459e-02
4.166249999999999787e+00 4.536795260558538351e-02
4.179999999999999716e+00 4.318807828854323572e-02
4.193749999999999645e+00 4.101955217579927870e-02
4.207500000000000462e+00 3.887504389563352369e-02
4.221250000000000391e+00 3.676694781793512362e-02
4.235000000000000320e+00 3.470721894077987563e-02
4.248750000000000249e+00 3.270721589495695358e-02
4.262500000000000178e+00 3.077755312066799906e-02
4.276250000000000107e+00 2.892796413359799423e-02
4.290000000000000036e+00 2.716717763651884526e-02
4.303749999999999964e+00 2.550280804990024547e-02
4.317499999999999893e+00 2.394126183317998868e-02
4.331249999999999822e+00 2.248766075015529164e-02
4.344999999999999751e+00 2.114578300038722283e-02
4.358749999999999680e+00 1.991802289659490993e-02
4.372499999999999609e+00 1.880536951901265116e-02
4.386250000000000426e+00 1.780740452481029135e-02
4.400000000000000355e+00 1.692231903722751438e-02
4.413750000000000284e+00 1.614694928830525539e-02
4.427500000000000213e+00 1.547683044421577399e-02
4.441250000000000142e+00 1.490626780627353661e-02
4.455000000000000071e+00 1.442842435673958798e-02
4.468750000000000000e+00 1.403542340926440535e-02
4.482499999999999929e+00 1.371846493186101509e-02
4.496249999999999858e+00 1.346795393795239236e-02
4.509999999999999787e+00 1.327363919042934444e-02
4.523749999999999716e+00 1.312476033649745584e-02
4.537499999999999645e+00 1.301020148892656839e-02
4.551250000000000462e+00 1.291864919325233854e-02
4.565000000000000391e+00 1.283875267132327143e-02
4.578750000000000320e+00 1.275928420985364582e-02
4.592500000000000249e+00 1.266929756838197987e-02
4.606250000000000178e+00 1.255828231407776080e-02
4.620000000000000107e+00 1.241631205059112730e-02
4.633750000000000036e+00 1.223418459368617352e-02
4.647499999999999964e+00 1.200355225655424379e-02
4.661249999999999893e+00 1.171704054091126171e-02
4.674999999999999822e+00 1.136835368445771564e-02
4.688749999999999751e+00 1.095236568897399280e-02
4.702499999999999680e+00 1.046519564391626411e-02
4.716249999999999609e+00 9.904266365432533303e-03
4.730000000000000426e+00 9.268345587529133733e-03
4.743750000000000355e+00 8.557569167939210394e-03
4.757500000000000284e+00 7.773446003187117932e-03
4.771250000000000213e+00 6.918844582438081654e-03
4.785000000000000142e+00 5.997961345028424672e-03
4.798750000000000071e+00 5.016271239135137137e-03
4.812500000000000000e+00 3.980461105924423121e-03
4.826249999999999929e+00 2.898346731943007501e-03
4.839999999999999858e+00 1.778774619731926911e-03
4.853749999999999787e+00 6.315097201494789371e-04
4.867499999999999716e+00 -5.328894527290955726e-04
4.881249999999999645e+00 -1.703206744132307066e-03
4.895000000000000462e+00 -2.867713599576179970e-03
4.908750000000000391e+00 -4.014321788257153509e-03
4.922500000000000320e+00 -5.130741678904551795e-03
4.936250000000000249e+00 -6.204644068596899473e-03
4.950000000000000178e+00 -7.223823520579290489e-03
4.963750000000000107e+00 -8.176361148238057291e-03
4.977500000000000036e+00 -9.050784789248025528e-03
4.991249999999999964e+00 -9.836224546311370456e-03
5.004999999999999893e+00 -1.052256172842365098e-02
5.018749999999999822e+00 -1.110056930840903726e-02
5.032499999999999751e+00 -1.156204211749964871e-02
5.046249999999999680e+00 -1.189991512462824745e-02
5.059999999999999609e+00 -1.210836829523759435e-02
5.073750000000000426e+00 -1.218291668989341173e-02
5.087500000000000355e+00 -1.212048464478134545e-02
5.101250000000000284e+00 -1.191946307193199155e-02
5.115000000000000213e+00 -1.157974912437340943e-02
5.128750000000000142e+00 -1.110276768773345128e-02
5.142500000000000071e+00 -1.049147438246212857e-02
5.156250000000000000e+00 -9.750339987065152064e-03
5.169999999999999929e+00 -8.885316419761118967e-03
5.183749999999999858e+00 -7.903784641007301562e-03
5.197499999999999787e+00 -6.814485059681035621e-03
5.211249999999999716e+00 -5.627431238623190231e-03
5.224999999999999645e+00 -4.353807898238020758e-03
5.238750000000000462e+00 -3.005854407392932401e-03
5.252500000000000391e+00 -1.596735126743908722e-03
5.266250000000000320e+00 -1.403981286894130415e-04
5.280000000000000249e+00 1.348576041443122356e-03
5.293750000000000178e+00 2.855133778293167043e-03
5.307500000000000107e+00 4.363914120432383671e-03
5.321250000000000036e+00 5.859418786898126438e-03
5.334999999999999964e+00 7.326184536050469980e-03
5.348749999999999893e+00 8.748955809028190894e-03
5.362499999999999822e+00 1.011285561715711233e-02
5.376249999999999751e+00 1.140355265426330408e-02
5.389999999999999680e+00 1.260742266062615975e-02
5.403749999999999609e+00 1.371170213468633423e-02
5.417500000000000426e+00 1.470463258065641057e-02
5.431250000000000355e+00 1.557559359375748631e-02
5.445000000000000284e+00 1.631522321843368803e-02
5.458750000000000213e+00 1.691552416698512140e-02
5.472500000000000142e+00 1.736995465467841906e-02
5.486250000000000071e+00 1.767350279050574485e-02
5.500000000000000000e+00 1.782274365813187392e-02
