 1.00000000e-10 1.93600016e+03
 5.29177249e-02 1.91538542e+03
 1.05835450e-01 1.85482214e+03
 1.58753175e-01 1.75802798e+03
 2.11670900e-01 1.63079843e+03
 2.64588625e-01 1.48046051e+03
 3.17506349e-01 1.31520797e+03
 3.70424074e-01 1.14339898e+03
 4.23341799e-01 9.72896337e+02
 4.76259524e-01 8.10518788e+02
 5.29177249e-01 6.61651541e+02
 5.82094974e-01 5.30038990e+02
 6.35012699e-01 4.17757470e+02
 6.87930424e-01 3.25344192e+02
 7.40848149e-01 2.52043257e+02
 7.93765874e-01 1.96122170e+02
 8.46683598e-01 1.55212283e+02
 8.99601323e-01 1.26632896e+02
 9.52519048e-01 1.07669033e+02
 1.00543677e+00 9.57849941e+01
 1.05835450e+00 8.87674718e+01
 1.11127222e+00 8.48016808e+01
 1.16418995e+00 8.24908016e+01
 1.21710767e+00 8.08327233e+01
 1.27002540e+00 7.91689880e+01
 1.32294312e+00 7.71196056e+01
 1.37586085e+00 7.45148211e+01
 1.42877857e+00 7.13317408e+01
 1.48169630e+00 6.76405746e+01
 1.53461402e+00 6.35625434e+01
 1.58753175e+00 5.92394482e+01
 1.64044947e+00 5.48135585e+01
 1.69336720e+00 5.04157681e+01
 1.74628492e+00 4.61597703e+01
 1.79920265e+00 4.21401598e+01
 1.85212037e+00 3.84327271e+01
 1.90503810e+00 3.50956704e+01
 1.95795582e+00 3.21709018e+01
 2.01087355e+00 2.96850321e+01
 2.06379127e+00 2.76499370e+01
 2.11670900e+00 2.60630309e+01
 2.16962672e+00 2.49074981e+01
 2.22254445e+00 2.41527712e+01
 2.27546217e+00 2.37555092e+01
 2.32837990e+00 2.36612467e+01
 2.38129762e+00 2.38067657e+01
 2.43421535e+00 2.41231247e+01
 2.48713307e+00 2.45391649e+01
 2.54005080e+00 2.49852370e+01
 2.59296852e+00 2.53968442e+01
 2.64588625e+00 2.57179012e+01
 2.69880397e+00 2.59033426e+01
 2.75172169e+00 2.59208876e+01
 2.80463942e+00 2.57518543e+01
 2.85755714e+00 2.53910160e+01
 2.91047487e+00 2.48455791e+01
 2.96339259e+00 2.41334367e+01
 3.01631032e+00 2.32809020e+01
 3.06922804e+00 2.23201497e+01
 3.12214577e+00 2.12865893e+01
 3.17506349e+00 2.02163724e+01
 3.22798122e+00 1.91441946e+01
 3.28089894e+00 1.81015059e+01
 3.33381667e+00 1.71151890e+01
 3.38673439e+00 1.62067214e+01
 3.43965212e+00 1.53917948e+01
 3.49256984e+00 1.46803361e+01
 3.54548757e+00 1.40768565e+01
 3.59840529e+00 1.35810446e+01
 3.65132302e+00 1.31885223e+01
 3.70424074e+00 1.28916855e+01
 3.75715847e+00 1.26805645e+01
 3.81007619e+00 1.25436516e+01
 3.86299392e+00 1.24686550e+01
 3.91591164e+00 1.24431526e+01
 3.96882937e+00 1.24551305e+01
 4.02174709e+00 1.24933984e+01
 4.07466482e+00 1.25478846e+01
 4.12758254e+00 1.26098187e+01
 4.18050027e+00 1.26718133e+01
 4.23341799e+00 1.27278621e+01
 4.28633572e+00 1.27732720e+01
 4.33925344e+00 1.28045486e+01
 4.39217117e+00 1.28192541e+01
 4.44508889e+00 1.28158552e+01
 4.49800662e+00 1.27935760e+01
 4.55092434e+00 1.27522669e+01
 4.60384207e+00 1.26922966e+01
 4.65675979e+00 1.26144708e+01
 4.70967752e+00 1.25199728e+01
 4.76259524e+00 1.24103233e+01
 4.81551297e+00 1.22873472e+01
 4.86843069e+00 1.21531397e+01
 4.92134842e+00 1.20100186e+01
 4.97426614e+00 1.18604560e+01
 5.02718387e+00 1.17069832e+01
 5.08010159e+00 1.15520676e+01
 5.13301932e+00 1.13979663e+01
 5.18593704e+00 1.12465663e+01
 5.23885477e+00 1.10992235e+01
 5.29177249e+00 1.09566207e+01
 5.34469021e+00 1.08186604e+01
 5.39760794e+00 1.06844117e+01
 5.45052566e+00 1.05521257e+01
 5.50344339e+00 1.04193278e+01
 5.55636111e+00 1.02829887e+01
 5.60927884e+00 1.01397681e+01
 5.66219656e+00 9.98631607e+00
 5.71511429e+00 9.81960867e+00
 5.76803201e+00 9.63729069e+00
 5.82094974e+00 9.43799301e+00
 5.87386746e+00 9.22159294e+00
 5.92678519e+00 8.98938849e+00
 5.97970291e+00 8.74416397e+00
 6.03262064e+00 8.49013277e+00
 6.08553836e+00 8.23275424e+00
 6.13845609e+00 7.97843248e+00
 6.19137381e+00 7.73411669e+00
 6.24429154e+00 7.50683158e+00
 6.29720926e+00 7.30317440e+00
 6.35012699e+00 7.12881869e+00
 6.40304471e+00 6.98806557e+00
 6.45596244e+00 6.88348033e+00
 6.50888016e+00 6.81564544e+00
 6.56179789e+00 6.78305189e+00
 6.61471561e+00 6.78213963e+00
 6.66763334e+00 6.80748583e+00
 6.72055106e+00 6.85212785e+00
 6.77346879e+00 6.90799730e+00
 6.82638651e+00 6.96643281e+00
 6.87930424e+00 7.01873362e+00
 6.93222196e+00 7.05671347e+00
 6.98513969e+00 7.07321475e+00
 7.03805741e+00 7.06254684e+00
 7.09097514e+00 7.02081894e+00
 7.14389286e+00 6.94614613e+00
 7.19681059e+00 6.83871714e+00
 7.24972831e+00 6.70072296e+00
 7.30264604e+00 6.53615482e+00
 7.35556376e+00 6.35048957e+00
 7.40848149e+00 6.15028758e+00
 7.46139921e+00 5.94273334e+00
 7.51431694e+00 5.73515214e+00
 7.56723466e+00 5.53453610e+00
 7.62015239e+00 5.34711143e+00
 7.67307011e+00 5.17797418e+00
 7.72598784e+00 5.03081623e+00
 7.77890556e+00 4.90775623e+00
 7.83182329e+00 4.80928245e+00
 7.88474101e+00 4.73430658e+00
 7.93765874e+00 4.68032019e+00
 7.99057646e+00 4.64363886e+00
 8.04349418e+00 4.61971378e+00
 8.09641191e+00 4.60348695e+00
 8.14932963e+00 4.58976392e+00
 8.20224736e+00 4.57357815e+00
 8.25516508e+00 4.55052260e+00
 8.30808281e+00 4.51702719e+00
 8.36100053e+00 4.47056561e+00
 8.41391826e+00 4.40978011e+00
 8.46683598e+00 4.33451930e+00
 8.51975371e+00 4.24578977e+00
 8.57267143e+00 4.14562859e+00
 8.62558916e+00 4.03690883e+00
 8.67850688e+00 3.92309433e+00
 8.73142461e+00 3.80796305e+00
 8.78434233e+00 3.69531968e+00
 8.83726006e+00 3.58871831e+00
 8.89017778e+00 3.49121413e+00
 8.94309551e+00 3.40516093e+00
 8.99601323e+00 3.33206667e+00
 9.04893096e+00 3.27251524e+00
 9.10184868e+00 3.22615732e+00
 9.15476641e+00 3.19176821e+00
 9.20768413e+00 3.16736580e+00
 9.26060186e+00 3.15037794e+00
 9.31351958e+00 3.13784503e+00
 9.36643731e+00 3.12664221e+00
 9.41935503e+00 3.11370428e+00
 9.47227276e+00 3.09623733e+00
 9.52519048e+00 3.07190258e+00
 9.57810821e+00 3.03896060e+00
 9.63102593e+00 2.99636752e+00
 9.68394366e+00 2.94381853e+00
 9.73686138e+00 2.88173818e+00
 9.78977911e+00 2.81122057e+00
 9.84269683e+00 2.73392628e+00
 9.89561456e+00 2.65194522e+00
 9.94853228e+00 2.56763685e+00
 1.00014500e+01 2.48346009e+00
 1.00543677e+01 2.40180536e+00
 1.01072855e+01 2.32484008e+00
 1.01602032e+01 2.25437785e+00
 1.02131209e+01 2.19177877e+00
 1.02660386e+01 2.13788601e+00
 1.03189564e+01 2.09300078e+00
 1.03718741e+01 2.05689507e+00
 1.04247918e+01 2.02885885e+00
 1.04777095e+01 2.00777631e+00
 1.05306273e+01 1.99222399e+00
 1.05835450e+01 1.98058264e+00
 1.06364627e+01 1.97115420e+00
 1.06893804e+01 1.96227555e+00
 1.07422982e+01 1.95242155e+00
 1.07952159e+01 1.94029102e+00
 1.08481336e+01 1.92487108e+00
 1.09010513e+01 1.90547716e+00
 1.09539691e+01 1.88176767e+00
 1.10068868e+01 1.85373438e+00
 1.10598045e+01 1.82167115e+00
 1.11127222e+01 1.78612486e+00
 1.11656400e+01 1.74783347e+00
 1.12185577e+01 1.70765665e+00
 1.12714754e+01 1.66650440e+00
 1.13243931e+01 1.62526902e+00
 1.13773109e+01 1.58476488e+00
 1.14302286e+01 1.54567967e+00
 1.14831463e+01 1.50853965e+00
 1.15360640e+01 1.47369014e+00
 1.15889818e+01 1.44129133e+00
 1.16418995e+01 1.41132828e+00
 1.16948172e+01 1.38363309e+00
 1.17477349e+01 1.35791645e+00
 1.18006527e+01 1.33380525e+00
 1.18535704e+01 1.31088286e+00
 1.19064881e+01 1.28872868e+00
 1.19594058e+01 1.26695391e+00
 1.20123236e+01 1.24523120e+00
 1.20652413e+01 1.22331621e+00
 1.21181590e+01 1.20106032e+00
 1.21710767e+01 1.17841410e+00
 1.22239945e+01 1.15542227e+00
 1.22769122e+01 1.13221118e+00
 1.23298299e+01 1.10897065e+00
 1.23827476e+01 1.08593211e+00
 1.24356654e+01 1.06334513e+00
 1.24885831e+01 1.04145450e+00
 1.25415008e+01 1.02047957e+00
 1.25944185e+01 1.00059748e+00
 1.26473363e+01 9.81931183e-01
 1.27002540e+01 9.64542835e-01
