 1.00000000e-10 -3.66543964e-06
 5.29177249e-02 7.21682754e-02
 1.05835450e-01 2.86876452e-01
 1.58753175e-01 6.38818609e-01
 2.11670900e-01 1.11954606e+00
 2.64588625e-01 1.71800006e+00
 3.17506349e-01 2.42117764e+00
 3.70424074e-01 3.21485827e+00
 4.23341799e-01 4.08432190e+00
 4.76259524e-01 5.01499838e+00
 5.29177249e-01 5.99300356e+00
 5.82094974e-01 7.00553671e+00
 6.35012699e-01 8.04113347e+00
 6.87930424e-01 9.08978456e+00
 7.40848149e-01 1.01429427e+01
 7.93765874e-01 1.11934461e+01
 8.46683598e-01 1.22353880e+01
 8.99601323e-01 1.32639586e+01
 9.52519048e-01 1.42752812e+01
 1.00543677e+00 1.52662564e+01
 1.05835450e+00 1.62344236e+01
 1.11127222e+00 1.71778436e+01
 1.16418995e+00 1.80950022e+01
 1.21710767e+00 1.89847335e+01
 1.27002540e+00 1.98461600e+01
 1.32294312e+00 2.06786454e+01
 1.37586085e+00 2.14817590e+01
 1.42877857e+00 2.22552474e+01
 1.48169630e+00 2.29990129e+01
 1.53461402e+00 2.37130953e+01
 1.58753175e+00 2.43976569e+01
 1.64044947e+00 2.50529695e+01
 1.69336720e+00 2.56794018e+01
 1.74628492e+00 2.62774077e+01
 1.79920265e+00 2.68475152e+01
 1.85212037e+00 2.73903158e+01
 1.90503810e+00 2.79064545e+01
 1.95795582e+00 2.83966212e+01
 2.01087355e+00 2.88615436e+01
 2.06379127e+00 2.93019814e+01
 2.11670900e+00 2.97187221e+01
 2.16962672e+00 3.01125788e+01
 2.22254445e+00 3.04843881e+01
 2.27546217e+00 3.08350098e+01
 2.32837990e+00 3.11653267e+01
 2.38129762e+00 3.14762437e+01
 2.43421535e+00 3.17686873e+01
 2.48713307e+00 3.20436037e+01
 2.54005080e+00 3.23019560e+01
 2.59296852e+00 3.25447201e+01
 2.64588625e+00 3.27728799e+01
 2.69880397e+00 3.29874209e+01
 2.75172169e+00 3.31893237e+01
 2.80463942e+00 3.33795559e+01
 2.85755714e+00 3.35590657e+01
 2.91047487e+00 3.37287731e+01
 2.96339259e+00 3.38895643e+01
 3.01631032e+00 3.40422845e+01
 3.06922804e+00 3.41877333e+01
 3.12214577e+00 3.43266603e+01
 3.17506349e+00 3.44597626e+01
 3.22798122e+00 3.45876827e+01
 3.28089894e+00 3.47110083e+01
 3.33381667e+00 3.48302729e+01
 3.38673439e+00 3.49459572e+01
 3.43965212e+00 3.50584914e+01
 3.49256984e+00 3.51682581e+01
 3.54548757e+00 3.52755954e+01
 3.59840529e+00 3.53808008e+01
 3.65132302e+00 3.54841341e+01
 3.70424074e+00 3.55858218e+01
 3.75715847e+00 3.56860596e+01
 3.81007619e+00 3.57850168e+01
 3.86299392e+00 3.58828382e+01
 3.91591164e+00 3.59796477e+01
 3.96882937e+00 3.60755504e+01
 4.02174709e+00 3.61706350e+01
 4.07466482e+00 3.62649757e+01
 4.12758254e+00 3.63586342e+01
 4.18050027e+00 3.64516609e+01
 4.23341799e+00 3.65440965e+01
 4.28633572e+00 3.66359735e+01
 4.33925344e+00 3.67273165e+01
 4.39217117e+00 3.68181439e+01
 4.44508889e+00 3.69084686e+01
 4.49800662e+00 3.69982983e+01
 4.55092434e+00 3.70876368e+01
 4.60384207e+00 3.71764843e+01
 4.65675979e+00 3.72648379e+01
 4.70967752e+00 3.73526924e+01
 4.76259524e+00 3.74400402e+01
 4.81551297e+00 3.75268724e+01
 4.86843069e+00 3.76131785e+01
 4.92134842e+00 3.76989474e+01
 4.97426614e+00 3.77841667e+01
 5.02718387e+00 3.78688241e+01
 5.08010159e+00 3.79529066e+01
 5.13301932e+00 3.80364012e+01
 5.18593704e+00 3.81192949e+01
 5.23885477e+00 3.82015750e+01
 5.29177249e+00 3.82832287e+01
 5.34469021e+00 3.83642438e+01
 5.39760794e+00 3.84446084e+01
 5.45052566e+00 3.85243111e+01
 5.50344339e+00 3.86033407e+01
 5.55636111e+00 3.86816870e+01
 5.60927884e+00 3.87593399e+01
 5.66219656e+00 3.88362902e+01
 5.71511429e+00 3.89125292e+01
 5.76803201e+00 3.89880487e+01
 5.82094974e+00 3.90628413e+01
 5.87386746e+00 3.91369001e+01
 5.92678519e+00 3.92102188e+01
 5.97970291e+00 3.92827918e+01
 6.03262064e+00 3.93546140e+01
 6.08553836e+00 3.94256809e+01
 6.13845609e+00 3.94959885e+01
 6.19137381e+00 3.95655333e+01
 6.24429154e+00 3.96343126e+01
 6.29720926e+00 3.97023239e+01
 6.35012699e+00 3.97695651e+01
 6.40304471e+00 3.98360348e+01
 6.45596244e+00 3.99017319e+01
 6.50888016e+00 3.99666556e+01
 6.56179789e+00 4.00308057e+01
 6.61471561e+00 4.00941823e+01
 6.66763334e+00 4.01567857e+01
 6.72055106e+00 4.02186168e+01
 6.77346879e+00 4.02796766e+01
 6.82638651e+00 4.03399666e+01
 6.87930424e+00 4.03994884e+01
 6.93222196e+00 4.04582443e+01
 6.98513969e+00 4.05162364e+01
 7.03805741e+00 4.05734675e+01
 7.09097514e+00 4.06299403e+01
 7.14389286e+00 4.06856580e+01
 7.19681059e+00 4.07406240e+01
 7.24972831e+00 4.07948420e+01
 7.30264604e+00 4.08483158e+01
 7.35556376e+00 4.09010494e+01
 7.40848149e+00 4.09530472e+01
 7.46139921e+00 4.10043137e+01
 7.51431694e+00 4.10548535e+01
 7.56723466e+00 4.11046715e+01
 7.62015239e+00 4.11537728e+01
 7.67307011e+00 4.12021625e+01
 7.72598784e+00 4.12498460e+01
 7.77890556e+00 4.12968289e+01
 7.83182329e+00 4.13431167e+01
 7.88474101e+00 4.13887152e+01
 7.93765874e+00 4.14336304e+01
 7.99057646e+00 4.14778683e+01
 8.04349418e+00 4.15214351e+01
 8.09641191e+00 4.15643370e+01
 8.14932963e+00 4.16065803e+01
 8.20224736e+00 4.16481715e+01
 8.25516508e+00 4.16891171e+01
 8.30808281e+00 4.17294238e+01
 8.36100053e+00 4.17690983e+01
 8.41391826e+00 4.18081472e+01
 8.46683598e+00 4.18465774e+01
 8.51975371e+00 4.18843958e+01
 8.57267143e+00 4.19216092e+01
 8.62558916e+00 4.19582247e+01
 8.67850688e+00 4.19942492e+01
 8.73142461e+00 4.20296896e+01
 8.78434233e+00 4.20645531e+01
 8.83726006e+00 4.20988467e+01
 8.89017778e+00 4.21325774e+01
 8.94309551e+00 4.21657524e+01
 8.99601323e+00 4.21983786e+01
 9.04893096e+00 4.22304631e+01
 9.10184868e+00 4.22620131e+01
 9.15476641e+00 4.22930354e+01
 9.20768413e+00 4.23235373e+01
 9.26060186e+00 4.23535256e+01
 9.31351958e+00 4.23830074e+01
 9.36643731e+00 4.24119896e+01
 9.41935503e+00 4.24404791e+01
 9.47227276e+00 4.24684830e+01
 9.52519048e+00 4.24960079e+01
 9.57810821e+00 4.25230607e+01
 9.63102593e+00 4.25496483e+01
 9.68394366e+00 4.25757773e+01
 9.73686138e+00 4.26014545e+01
 9.78977911e+00 4.26266865e+01
 9.84269683e+00 4.26514798e+01
 9.89561456e+00 4.26758411e+01
 9.94853228e+00 4.26997769e+01
 1.00014500e+01 4.27232935e+01
 1.00543677e+01 4.27463973e+01
 1.01072855e+01 4.27690947e+01
 1.01602032e+01 4.27913919e+01
 1.02131209e+01 4.28132952e+01
 1.02660386e+01 4.28348107e+01
 1.03189564e+01 4.28559444e+01
 1.03718741e+01 4.28767024e+01
 1.04247918e+01 4.28970907e+01
 1.04777095e+01 4.29171151e+01
 1.05306273e+01 4.29367815e+01
 1.05835450e+01 4.29560956e+01
 1.06364627e+01 4.29750631e+01
 1.06893804e+01 4.29936898e+01
 1.07422982e+01 4.30119810e+01
 1.07952159e+01 4.30299425e+01
 1.08481336e+01 4.30475795e+01
 1.09010513e+01 4.30648975e+01
 1.09539691e+01 4.30819018e+01
 1.10068868e+01 4.30985977e+01
 1.10598045e+01 4.31149903e+01
 1.11127222e+01 4.31310847e+01
 1.11656400e+01 4.31468860e+01
 1.12185577e+01 4.31623991e+01
 1.12714754e+01 4.31776291e+01
 1.13243931e+01 4.31925808e+01
 1.13773109e+01 4.32072588e+01
 1.14302286e+01 4.32216681e+01
 1.14831463e+01 4.32358132e+01
 1.15360640e+01 4.32496987e+01
 1.15889818e+01 4.32633292e+01
 1.16418995e+01 4.32767091e+01
 1.16948172e+01 4.32898428e+01
 1.17477349e+01 4.33027347e+01
 1.18006527e+01 4.33153890e+01
 1.18535704e+01 4.33278100e+01
 1.19064881e+01 4.33400017e+01
 1.19594058e+01 4.33519682e+01
 1.20123236e+01 4.33637136e+01
 1.20652413e+01 4.33752419e+01
 1.21181590e+01 4.33865568e+01
 1.21710767e+01 4.33976623e+01
 1.22239945e+01 4.34085620e+01
 1.22769122e+01 4.34192598e+01
 1.23298299e+01 4.34297593e+01
 1.23827476e+01 4.34400640e+01
 1.24356654e+01 4.34501774e+01
 1.24885831e+01 4.34601032e+01
 1.25415008e+01 4.34698446e+01
 1.25944185e+01 4.34794050e+01
 1.26473363e+01 4.34887878e+01
 1.27002540e+01 4.34979962e+01
