 1.00000000e-10 1.93600016e+03
 5.29177249e-02 1.91545759e+03
 1.05835450e-01 1.85510902e+03
 1.58753175e-01 1.75866679e+03
 2.11670900e-01 1.63191798e+03
 2.64588625e-01 1.48217851e+03
 3.17506349e-01 1.31762915e+03
 3.70424074e-01 1.14661384e+03
 4.23341799e-01 9.76980659e+02
 4.76259524e-01 8.15533786e+02
 5.29177249e-01 6.67644545e+02
 5.82094974e-01 5.37044527e+02
 6.35012699e-01 4.25798604e+02
 6.87930424e-01 3.34433976e+02
 7.40848149e-01 2.62186200e+02
 7.93765874e-01 2.07315616e+02
 8.46683598e-01 1.67447671e+02
 8.99601323e-01 1.39896855e+02
 9.52519048e-01 1.21944314e+02
 1.00543677e+00 1.11051250e+02
 1.05835450e+00 1.05001895e+02
 1.11127222e+00 1.01979524e+02
 1.16418995e+00 1.00585804e+02
 1.21710767e+00 9.98174568e+01
 1.27002540e+00 9.90151480e+01
 1.32294312e+00 9.77982510e+01
 1.37586085e+00 9.59965801e+01
 1.42877857e+00 9.35869882e+01
 1.48169630e+00 9.06395875e+01
 1.53461402e+00 8.72756387e+01
 1.58753175e+00 8.36371051e+01
 1.64044947e+00 7.98665280e+01
 1.69336720e+00 7.60951699e+01
 1.74628492e+00 7.24371780e+01
 1.79920265e+00 6.89876750e+01
 1.85212037e+00 6.58230429e+01
 1.90503810e+00 6.30021249e+01
 1.95795582e+00 6.05675230e+01
 2.01087355e+00 5.85465757e+01
 2.06379127e+00 5.69519184e+01
 2.11670900e+00 5.57817530e+01
 2.16962672e+00 5.50200769e+01
 2.22254445e+00 5.46371593e+01
 2.27546217e+00 5.45905190e+01
 2.32837990e+00 5.48265734e+01
 2.38129762e+00 5.52830094e+01
 2.43421535e+00 5.58918120e+01
 2.48713307e+00 5.65827686e+01
 2.54005080e+00 5.72871930e+01
 2.59296852e+00 5.79415643e+01
 2.64588625e+00 5.84907811e+01
 2.69880397e+00 5.88907636e+01
 2.75172169e+00 5.91102112e+01
 2.80463942e+00 5.91314102e+01
 2.85755714e+00 5.89500817e+01
 2.91047487e+00 5.85743523e+01
 2.96339259e+00 5.80230010e+01
 3.01631032e+00 5.73231864e+01
 3.06922804e+00 5.65078829e+01
 3.12214577e+00 5.56132496e+01
 3.17506349e+00 5.46761350e+01
 3.22798122e+00 5.37318773e+01
 3.28089894e+00 5.28125143e+01
 3.33381667e+00 5.19454619e+01
 3.38673439e+00 5.11526786e+01
 3.43965212e+00 5.04502862e+01
 3.49256984e+00 4.98485942e+01
 3.54548757e+00 4.93524519e+01
 3.59840529e+00 4.89618454e+01
 3.65132302e+00 4.86726565e+01
 3.70424074e+00 4.84775072e+01
 3.75715847e+00 4.83666242e+01
 3.81007619e+00 4.83286684e+01
 3.86299392e+00 4.83514932e+01
 3.91591164e+00 4.84228003e+01
 3.96882937e+00 4.85306809e+01
 4.02174709e+00 4.86640333e+01
 4.07466482e+00 4.88128603e+01
 4.12758254e+00 4.89684528e+01
 4.18050027e+00 4.91234741e+01
 4.23341799e+00 4.92719586e+01
 4.28633572e+00 4.94092455e+01
 4.33925344e+00 4.95318651e+01
 4.39217117e+00 4.96373981e+01
 4.44508889e+00 4.97243238e+01
 4.49800662e+00 4.97918743e+01
 4.55092434e+00 4.98399037e+01
 4.60384207e+00 4.98687810e+01
 4.65675979e+00 4.98793087e+01
 4.70967752e+00 4.98726652e+01
 4.76259524e+00 4.98503634e+01
 4.81551297e+00 4.98142195e+01
 4.86843069e+00 4.97663182e+01
 4.92134842e+00 4.97089659e+01
 4.97426614e+00 4.96446228e+01
 5.02718387e+00 4.95758073e+01
 5.08010159e+00 4.95049742e+01
 5.13301932e+00 4.94343675e+01
 5.18593704e+00 4.93658612e+01
 5.23885477e+00 4.93007985e+01
 5.29177249e+00 4.92398494e+01
 5.34469021e+00 4.91829042e+01
 5.39760794e+00 4.91290201e+01
 5.45052566e+00 4.90764368e+01
 5.50344339e+00 4.90226685e+01
 5.55636111e+00 4.89646756e+01
 5.60927884e+00 4.88991080e+01
 5.66219656e+00 4.88226063e+01
 5.71511429e+00 4.87321379e+01
 5.76803201e+00 4.86253394e+01
 5.82094974e+00 4.85008343e+01
 5.87386746e+00 4.83584931e+01
 5.92678519e+00 4.81996073e+01
 5.97970291e+00 4.80269558e+01
 6.03262064e+00 4.78447468e+01
 6.08553836e+00 4.76584351e+01
 6.13845609e+00 4.74744209e+01
 6.19137381e+00 4.72996500e+01
 6.24429154e+00 4.71411442e+01
 6.29720926e+00 4.70054983e+01
 6.35012699e+00 4.68983838e+01
 6.40304471e+00 4.68241004e+01
 6.45596244e+00 4.67852122e+01
 6.50888016e+00 4.67823011e+01
 6.56179789e+00 4.68138576e+01
 6.61471561e+00 4.68763219e+01
 6.66763334e+00 4.69642715e+01
 6.72055106e+00 4.70707446e+01
 6.77346879e+00 4.71876739e+01
 6.82638651e+00 4.73063994e+01
 6.87930424e+00 4.74182221e+01
 6.93222196e+00 4.75149578e+01
 6.98513969e+00 4.75894512e+01
 7.03805741e+00 4.76360143e+01
 7.09097514e+00 4.76507592e+01
 7.14389286e+00 4.76318041e+01
 7.19681059e+00 4.75793412e+01
 7.24972831e+00 4.74955650e+01
 7.30264604e+00 4.73844706e+01
 7.35556376e+00 4.72515390e+01
 7.40848149e+00 4.71033348e+01
 7.46139921e+00 4.69470470e+01
 7.51431694e+00 4.67900056e+01
 7.56723466e+00 4.66392076e+01
 7.62015239e+00 4.65008842e+01
 7.67307011e+00 4.63801367e+01
 7.72598784e+00 4.62806623e+01
 7.77890556e+00 4.62045851e+01
 7.83182329e+00 4.61523991e+01
 7.88474101e+00 4.61230218e+01
 7.93765874e+00 4.61139506e+01
 7.99057646e+00 4.61215072e+01
 8.04349418e+00 4.61411489e+01
 8.09641191e+00 4.61678239e+01
 8.14932963e+00 4.61963442e+01
 8.20224736e+00 4.62217496e+01
 8.25516508e+00 4.62396397e+01
 8.30808281e+00 4.62464510e+01
 8.36100053e+00 4.62396639e+01
 8.41391826e+00 4.62179273e+01
 8.46683598e+00 4.61810967e+01
 8.51975371e+00 4.61301856e+01
 8.57267143e+00 4.60672378e+01
 8.62558916e+00 4.59951335e+01
 8.67850688e+00 4.59173435e+01
 8.73142461e+00 4.58376527e+01
 8.78434233e+00 4.57598728e+01
 8.83726006e+00 4.56875650e+01
 8.89017778e+00 4.56237916e+01
 8.94309551e+00 4.55709133e+01
 8.99601323e+00 4.55304452e+01
 9.04893096e+00 4.55029784e+01
 9.10184868e+00 4.54881704e+01
 9.15476641e+00 4.54848036e+01
 9.20768413e+00 4.54909031e+01
 9.26060186e+00 4.55039035e+01
 9.31351958e+00 4.55208524e+01
 9.36643731e+00 4.55386318e+01
 9.41935503e+00 4.55541834e+01
 9.47227276e+00 4.55647203e+01
 9.52519048e+00 4.55679105e+01
 9.57810821e+00 4.55620213e+01
 9.63102593e+00 4.55460158e+01
 9.68394366e+00 4.55195959e+01
 9.73686138e+00 4.54831927e+01
 9.78977911e+00 4.54379071e+01
 9.84269683e+00 4.53854061e+01
 9.89561456e+00 4.53277864e+01
 9.94853228e+00 4.52674137e+01
 1.00014500e+01 4.52067536e+01
 1.00543677e+01 4.51482027e+01
 1.01072855e+01 4.50939348e+01
 1.01602032e+01 4.50457698e+01
 1.02131209e+01 4.50050740e+01
 1.02660386e+01 4.49726967e+01
 1.03189564e+01 4.49489452e+01
 1.03718741e+01 4.49335975e+01
 1.04247918e+01 4.49259495e+01
 1.04777095e+01 4.49248914e+01
 1.05306273e+01 4.49290054e+01
 1.05835450e+01 4.49366782e+01
 1.06364627e+01 4.49462173e+01
 1.06893804e+01 4.49559653e+01
 1.07422982e+01 4.49644026e+01
 1.07952159e+01 4.49702335e+01
 1.08481336e+01 4.49724506e+01
 1.09010513e+01 4.49703747e+01
 1.09539691e+01 4.49636695e+01
 1.10068868e+01 4.49523321e+01
 1.10598045e+01 4.49366614e+01
 1.11127222e+01 4.49172095e+01
 1.11656400e+01 4.48947194e+01
 1.12185577e+01 4.48700558e+01
 1.12714754e+01 4.48441335e+01
 1.13243931e+01 4.48178498e+01
 1.13773109e+01 4.47920237e+01
 1.14302286e+01 4.47673478e+01
 1.14831463e+01 4.47443528e+01
 1.15360640e+01 4.47233889e+01
 1.15889818e+01 4.47046205e+01
 1.16418995e+01 4.46880374e+01
 1.16948172e+01 4.46734759e+01
 1.17477349e+01 4.46606512e+01
 1.18006527e+01 4.46491943e+01
 1.18535704e+01 4.46386928e+01
 1.19064881e+01 4.46287303e+01
 1.19594058e+01 4.46189221e+01
 1.20123236e+01 4.46089448e+01
 1.20652413e+01 4.45985581e+01
 1.21181590e+01 4.45876171e+01
 1.21710767e+01 4.45760764e+01
 1.22239945e+01 4.45639843e+01
 1.22769122e+01 4.45514710e+01
 1.23298299e+01 4.45387299e+01
 1.23827476e+01 4.45259961e+01
 1.24356654e+01 4.45135226e+01
 1.24885831e+01 4.45015577e+01
 1.25415008e+01 4.44903241e+01
 1.25944185e+01 4.44800025e+01
 1.26473363e+01 4.44707190e+01
 1.27002540e+01 4.44625390e+01
