   0.01839    -0.06980    -0.00000    -0.00002     0.19782    -0.07250    -0.05650    -0.11566     0.00000
  -0.06980    -0.01839     0.00001    -0.00003     0.07250     0.19782    -0.11566     0.05650    -0.00000
   0.00000    -0.00000     0.12107     0.21722     0.00003     0.00002    -0.00000    -0.00000    -0.08447
  -0.01485     0.14176    -0.01010     0.00561    -0.00530     0.00996     0.00542     0.01086    -0.00005
  -0.10776    -0.00589     0.11536    -0.06404    -0.02516    -0.09052     0.00985    -0.00469     0.00062
   0.01704     0.00293    -0.02773    -0.04992    -0.01298    -0.04803    -0.01500     0.00903     0.00096
  -0.10734    -0.05436    -0.09485     0.05268    -0.07578    -0.01553     0.00444     0.01042    -0.00051
   0.08836    -0.09838    -0.06643     0.03690    -0.05064    -0.02002     0.01029    -0.00568    -0.00035
  -0.00599    -0.01622    -0.02773    -0.04993     0.04808     0.01277     0.01532     0.00848     0.00096
   0.10875    -0.03641     0.10496    -0.05828    -0.06263     0.05824     0.00531     0.00979     0.00056
   0.07040     0.11771    -0.04893     0.02717     0.02314    -0.03318     0.01092    -0.00480    -0.00026
  -0.01105     0.01328    -0.02772    -0.04993    -0.03511     0.03525    -0.00032    -0.01750     0.00096
   0.03409    -0.12936    -0.00000    -0.00002     0.35146    -0.12881     0.38724     0.79279    -0.00003
  -0.12936    -0.03409     0.00000    -0.00004     0.12881     0.35146     0.79279    -0.38724     0.00002
   0.00001    -0.00000     0.12528     0.23477     0.00003     0.00002    -0.00000     0.00004     0.95238
