   0.00000     0.00000    -0.00000     0.00000    -0.00000   0.00000    -0.00000     0.07439    -0.06640     0.00000  -0.00000     0.00000     0.00000    -0.00000     0.00000   0.00000    -0.00000    -0.02241     0.08092     0.00001   0.00000    -0.00000    -0.00000    -0.00000    -0.08906   0.00000     0.03880    -0.00000     0.09970     0.12122   0.00001    -0.01576     0.00000     0.00000     0.09627   0.00000    -0.06887    -0.00000     0.00000     0.09613  -0.00204     0.00000    -0.00221     0.00000     0.00200  -0.00000     0.00141     0.00000
   0.00000     0.00000     0.11046     0.00000    -0.00000   0.00000     0.00529     0.00000    -0.00000     0.00000  -0.00000     0.06436    -0.00001     0.04875    -0.00000  -0.00000    -0.00000    -0.00000    -0.00000    -0.00000  -0.00000    -0.00002    -0.02850     0.00000    -0.00000  -0.06872    -0.00000     0.03273    -0.00000    -0.00001   0.11687     0.00003     0.14590    -0.02937     0.00000   0.01572     0.00000     0.11849     0.00169     0.00000  -0.00000     0.00058    -0.00000     0.00040     0.00000   0.00125     0.00000    -0.00062
   0.11374    -0.00000     0.00000    -0.00000     0.10122   0.12394     0.00001    -0.00000    -0.00000     0.00000   0.00000     0.00000     0.14516     0.00002     0.07059   0.00000     0.08480    -0.00000    -0.00000    -0.00000   0.02339    -0.00000     0.00000    -0.00428    -0.00000   0.00000     0.00000    -0.00000     0.00000     0.00000   0.00000    -0.00000    -0.00000     0.00000     0.00000   0.00000    -0.00000    -0.00000    -0.00000     0.00000   0.00000     0.00000    -0.00000     0.00000     0.00000   0.00000     0.00000    -0.00000
   0.00000     0.00000    -0.00000    -0.00000     0.00000  -0.00000    -0.00000    -0.07439    -0.06640     0.00000   0.00000     0.00000     0.00000     0.00000    -0.00000   0.00000    -0.00000     0.02241     0.08092     0.00001   0.00000    -0.00000    -0.00000    -0.00000    -0.08906   0.00000    -0.03880     0.00000     0.09970    -0.12122  -0.00001    -0.01576     0.00000    -0.00000    -0.09627   0.00000    -0.06887     0.00000    -0.00000    -0.09613   0.00204    -0.00000    -0.00221     0.00000    -0.00200   0.00000     0.00141     0.00000
   0.00000     0.00000     0.11046     0.00000    -0.00000   0.00000    -0.00529    -0.00000    -0.00000     0.00000  -0.00000    -0.06436    -0.00001     0.04875    -0.00000  -0.00000    -0.00000    -0.00000     0.00000    -0.00000  -0.00000     0.00002     0.02850    -0.00000    -0.00000  -0.06872    -0.00000    -0.03273     0.00000    -0.00001   0.11687    -0.00003    -0.14590    -0.02937     0.00000  -0.01572    -0.00000    -0.11849     0.00169    -0.00000   0.00000     0.00058    -0.00000    -0.00040     0.00000   0.00125     0.00000     0.00062
   0.11374     0.00000    -0.00000    -0.00000    -0.10122   0.12394     0.00000    -0.00000     0.00000    -0.00000   0.00000    -0.00000    -0.14516    -0.00002     0.07059  -0.00000    -0.08480     0.00000     0.00000    -0.00000   0.02339     0.00000     0.00000     0.00428     0.00000   0.00000    -0.00000     0.00000    -0.00000     0.00000  -0.00000     0.00000     0.00000     0.00000    -0.00000  -0.00000     0.00000     0.00000    -0.00000    -0.00000  -0.00000    -0.00000     0.00000    -0.00000     0.00000  -0.00000    -0.00000    -0.00000
   0.00000     0.00000    -0.06550     0.00000    -0.00000   0.00000     0.06856     0.07630    -0.01822     0.00000  -0.00000    -0.05042    -0.00001     0.05450    -0.00000  -0.00000    -0.00000    -0.00892    -0.00331    -0.00000  -0.00000     0.00002     0.03381    -0.00000     0.06817   0.01681     0.03998    -0.00748    -0.00848     0.01653   0.03252    -0.07735     0.06869    -0.06053    -0.02022  -0.07796     0.04427    -0.03968     0.09244    -0.09594   0.00044     0.00065     0.00006     0.00053     0.00173  -0.00188     0.00222     0.00215
   0.00000     0.00000     0.02494     0.00000    -0.00000  -0.00000     0.04445    -0.05223     0.11641    -0.00001  -0.00000     0.11371    -0.00000     0.02084    -0.00000   0.00000     0.00000     0.10560     0.03686     0.00000   0.00000     0.00002     0.03700    -0.00000     0.01107   0.08027     0.02832    -0.00752     0.02175     0.00996  -0.04333    -0.04411    -0.00155     0.03351     0.03713   0.00755    -0.04007    -0.05163     0.02752    -0.01346  -0.03177    -0.02754    -0.03845    -0.03663     0.02713  -0.03157     0.01672     0.02042
   0.04778     0.09806    -0.00000     0.11190     0.04031  -0.06921     0.00000     0.00000    -0.00001    -0.08474  -0.04056    -0.00000    -0.03136    -0.00001    -0.04535  -0.04995    -0.06458     0.00000     0.00001    -0.05333  -0.06231     0.03903    -0.00002     0.04371    -0.00000  -0.00000    -0.00000     0.00000    -0.00000    -0.00000  -0.00000     0.00000    -0.00000     0.00000    -0.00000   0.00000    -0.00000     0.00000    -0.00000     0.00000  -0.00000    -0.00000    -0.00000    -0.00000     0.00000  -0.00000     0.00000     0.00000
   0.00000    -0.00000     0.06550     0.00000    -0.00000  -0.00000     0.06856    -0.07630    -0.01822     0.00000   0.00000    -0.05042     0.00001    -0.05450     0.00000   0.00000     0.00000     0.00892    -0.00331    -0.00000  -0.00000     0.00002     0.03381    -0.00000     0.06817  -0.01681    -0.03998    -0.00748    -0.00848    -0.01653  -0.03252    -0.07735     0.06869     0.06053     0.02022  -0.07796     0.04427    -0.03968    -0.09244     0.09594  -0.00044    -0.00065     0.00006     0.00053    -0.00173   0.00188     0.00222     0.00215
  -0.00000    -0.00000     0.02494    -0.00000     0.00000  -0.00000    -0.04445    -0.05223    -0.11641     0.00001  -0.00000    -0.11371    -0.00000     0.02084    -0.00000   0.00000     0.00000     0.10560    -0.03686    -0.00001   0.00000    -0.00002    -0.03700     0.00000    -0.01107   0.08027     0.02832     0.00752    -0.02175     0.00996  -0.04333     0.04411     0.00155     0.03351     0.03713  -0.00755     0.04007     0.05163     0.02752    -0.01346  -0.03177    -0.02754     0.03845     0.03663     0.02713  -0.03157    -0.01672    -0.02042
   0.04778    -0.09806    -0.00000     0.11190    -0.04031  -0.06921    -0.00000     0.00000     0.00000     0.08474  -0.04056     0.00000     0.03136     0.00000    -0.04535   0.04995     0.06458    -0.00000     0.00000    -0.05333  -0.06231    -0.03903     0.00002    -0.04371    -0.00000  -0.00000     0.00000    -0.00000     0.00000     0.00000   0.00000     0.00000    -0.00000    -0.00000     0.00000   0.00000    -0.00000     0.00000     0.00000    -0.00000   0.00000     0.00000    -0.00000    -0.00000    -0.00000   0.00000     0.00000     0.00000
   0.00000     0.00000     0.06550     0.00000    -0.00000   0.00000    -0.06856     0.07630    -0.01822    -0.00000   0.00000     0.05041     0.00001    -0.05450     0.00000  -0.00000     0.00000    -0.00892    -0.00331    -0.00000   0.00000    -0.00002    -0.03381     0.00000     0.06817  -0.01681     0.03998     0.00748    -0.00848     0.01654  -0.03252    -0.07738    -0.06865     0.06053    -0.02022   0.07796     0.04428     0.03968    -0.09245    -0.09593   0.00044    -0.00065     0.00006    -0.00053     0.00173   0.00188     0.00222    -0.00215
   0.00000     0.00000     0.02494    -0.00000    -0.00000   0.00000     0.04445     0.05223    -0.11640     0.00001  -0.00000     0.11371    -0.00000     0.02084     0.00000  -0.00000    -0.00000    -0.10560    -0.03686    -0.00000  -0.00000     0.00002     0.03700    -0.00000    -0.01107   0.08027    -0.02831    -0.00752    -0.02175    -0.00996  -0.04333     0.04411    -0.00157     0.03351    -0.03713   0.00755     0.04007    -0.05163     0.02752     0.01346   0.03177    -0.02754     0.03845    -0.03663    -0.02713  -0.03157    -0.01672     0.02042
   0.04778    -0.09806     0.00000    -0.11190     0.04031  -0.06921    -0.00000     0.00000     0.00000     0.08474   0.04056    -0.00000    -0.03136    -0.00000    -0.04535   0.04995    -0.06458     0.00000    -0.00000     0.05334  -0.06231    -0.03903     0.00003     0.04371     0.00000   0.00000     0.00000     0.00000    -0.00000     0.00000  -0.00000    -0.00000    -0.00000     0.00000     0.00000   0.00000     0.00000     0.00000    -0.00000    -0.00000   0.00000    -0.00000     0.00000    -0.00000    -0.00000  -0.00000    -0.00000     0.00000
   0.00000    -0.00000    -0.06550     0.00000     0.00000  -0.00000    -0.06856    -0.07630    -0.01822     0.00000  -0.00000     0.05042    -0.00001     0.05450    -0.00000  -0.00000    -0.00000     0.00892    -0.00331    -0.00000   0.00000    -0.00002    -0.03381     0.00000     0.06817   0.01681    -0.03998     0.00748    -0.00848    -0.01654   0.03252    -0.07738    -0.06865    -0.06053     0.02022   0.07796     0.04428     0.03968     0.09245     0.09593  -0.00044     0.00065     0.00006    -0.00053    -0.00173  -0.00188     0.00222    -0.00215
   0.00000     0.00000     0.02494     0.00000    -0.00000   0.00000    -0.04445     0.05223     0.11640    -0.00001  -0.00000    -0.11371    -0.00000     0.02085     0.00000  -0.00000    -0.00000    -0.10560     0.03686     0.00000   0.00000    -0.00003    -0.03700     0.00000     0.01107   0.08027    -0.02832     0.00752     0.02175    -0.00996  -0.04333    -0.04411     0.00156     0.03351    -0.03713  -0.00755    -0.04007     0.05163     0.02752     0.01346   0.03177    -0.02754    -0.03845     0.03663    -0.02713  -0.03157     0.01672    -0.02042
   0.04778     0.09806     0.00000    -0.11190    -0.04031  -0.06921    -0.00000     0.00000    -0.00000    -0.08474   0.04056     0.00000     0.03136     0.00001    -0.04535  -0.04995     0.06458    -0.00000    -0.00000     0.05334  -0.06231     0.03903    -0.00003    -0.04371    -0.00000   0.00000     0.00000     0.00000     0.00000     0.00000  -0.00000     0.00000     0.00000     0.00000     0.00000  -0.00000    -0.00000     0.00000    -0.00000    -0.00000   0.00000    -0.00000    -0.00000     0.00000    -0.00000  -0.00000     0.00000    -0.00000
  -0.00000     0.00000    -0.02382    -0.00000    -0.00000   0.00000     0.11207     0.07158     0.05294    -0.00000  -0.00001    -0.01055    -0.00001     0.10707    -0.00001  -0.00000     0.00000     0.06287    -0.04566    -0.00000   0.00000    -0.00003    -0.04569     0.00000    -0.04700   0.00278    -0.03458     0.02061    -0.02774    -0.02970  -0.02328     0.05967    -0.04771    -0.01509    -0.05995   0.02022     0.01524     0.03996    -0.08147     0.06171  -0.02172    -0.02587    -0.01216    -0.01575    -0.03001   0.02643    -0.03472    -0.03318
  -0.00000     0.00000    -0.07210    -0.00000     0.00000  -0.00000    -0.00027    -0.05519     0.01787    -0.00000   0.00000     0.01316     0.00001    -0.04994     0.00000   0.00000    -0.00000    -0.05246     0.09799     0.00001  -0.00000     0.00005     0.08522    -0.00001    -0.01009  -0.03103    -0.01833     0.01927    -0.00573     0.02196  -0.00674     0.03776    -0.05178    -0.04535    -0.05122  -0.05922     0.09414     0.07971    -0.04367     0.03018   0.01285     0.01468     0.00902     0.01074     0.01363  -0.01147     0.01970     0.01875
  -0.09241     0.07933    -0.00000    -0.05546    -0.09448   0.03526    -0.00000    -0.00000     0.00000     0.09162  -0.03326     0.00000     0.06284     0.00000    -0.03764  -0.04800    -0.03463     0.00000    -0.00001     0.04752   0.04258    -0.06184     0.00004    -0.06003     0.00000  -0.00000     0.00000     0.00000    -0.00000     0.00000   0.00000    -0.00000     0.00000     0.00000     0.00000   0.00000    -0.00000    -0.00000     0.00000    -0.00000   0.00000     0.00000     0.00000     0.00000     0.00000  -0.00000     0.00000     0.00000
  -0.00000    -0.00000     0.02382    -0.00000     0.00000  -0.00000     0.11207    -0.07158     0.05294    -0.00000   0.00001    -0.01055     0.00001    -0.10707     0.00001  -0.00000    -0.00000    -0.06287    -0.04566    -0.00000   0.00000    -0.00003    -0.04569     0.00000    -0.04700  -0.00278     0.03458     0.02061    -0.02774     0.02970   0.02328     0.05967    -0.04771     0.01509     0.05995   0.02022     0.01524     0.03997     0.08147    -0.06171   0.02172     0.02587    -0.01216    -0.01575     0.03001  -0.02643    -0.03472    -0.03318
  -0.00000    -0.00000    -0.07210    -0.00000     0.00000  -0.00000     0.00027    -0.05519    -0.01787    -0.00000   0.00000    -0.01316     0.00001    -0.04994     0.00000  -0.00000    -0.00000    -0.05246    -0.09799    -0.00001   0.00000    -0.00005    -0.08522     0.00001     0.01009  -0.03103    -0.01833    -0.01927     0.00573     0.02196  -0.00674    -0.03776     0.05178    -0.04535    -0.05122   0.05922    -0.09414    -0.07971    -0.04366     0.03018   0.01285     0.01468    -0.00902    -0.01074     0.01363  -0.01147    -0.01970    -0.01875
  -0.09241    -0.07933     0.00000    -0.05546     0.09448   0.03526     0.00000     0.00000    -0.00001    -0.09162  -0.03326    -0.00000    -0.06284    -0.00001    -0.03764   0.04800     0.03463    -0.00000    -0.00000     0.04752   0.04258     0.06184    -0.00003     0.06003     0.00000   0.00000    -0.00000    -0.00000     0.00000    -0.00000   0.00000    -0.00000     0.00000    -0.00000    -0.00000  -0.00000     0.00000    -0.00000    -0.00000     0.00000  -0.00000    -0.00000     0.00000    -0.00000    -0.00000   0.00000     0.00000     0.00000
   0.00000     0.00000     0.02382    -0.00000     0.00000   0.00000    -0.11207     0.07158     0.05294    -0.00000   0.00001     0.01055     0.00001    -0.10707     0.00000   0.00000     0.00000     0.06287    -0.04566    -0.00000  -0.00000     0.00003     0.04569    -0.00000    -0.04700  -0.00278    -0.03458    -0.02061    -0.02774    -0.02970   0.02328     0.05969     0.04768     0.01509    -0.05995  -0.02022     0.01524    -0.03997     0.08147     0.06170  -0.02172     0.02587    -0.01216     0.01575    -0.03001  -0.02642    -0.03472     0.03318
  -0.00000     0.00000    -0.07210     0.00000     0.00000   0.00000    -0.00027     0.05519    -0.01787     0.00000   0.00000     0.01316     0.00001    -0.04994     0.00000   0.00000     0.00000     0.05246    -0.09799    -0.00001  -0.00000     0.00006     0.08523    -0.00000     0.01009  -0.03103     0.01833     0.01927     0.00573    -0.02196  -0.00674    -0.03778    -0.05177    -0.04535     0.05122  -0.05921    -0.09414     0.07971    -0.04367    -0.03018  -0.01285     0.01468    -0.00902     0.01074    -0.01363  -0.01147    -0.01970     0.01875
  -0.09241    -0.07933    -0.00000     0.05547    -0.09448   0.03526    -0.00000    -0.00000    -0.00000    -0.09162   0.03326     0.00000     0.06284     0.00001    -0.03764   0.04800    -0.03463    -0.00000     0.00000    -0.04752   0.04258     0.06184    -0.00004    -0.06002     0.00000   0.00000    -0.00000     0.00000    -0.00000    -0.00000  -0.00000     0.00000     0.00000    -0.00000    -0.00000  -0.00000    -0.00000     0.00000     0.00000     0.00000   0.00000    -0.00000     0.00000    -0.00000     0.00000   0.00000     0.00000    -0.00000
   0.00000    -0.00000    -0.02382     0.00000     0.00000   0.00000    -0.11207    -0.07158     0.05294    -0.00000  -0.00001     0.01055    -0.00001     0.10707    -0.00000  -0.00000    -0.00000    -0.06287    -0.04566    -0.00000  -0.00000     0.00003     0.04569    -0.00000    -0.04700   0.00278     0.03458    -0.02061    -0.02774     0.02970  -0.02328     0.05969     0.04768    -0.01509     0.05995  -0.02022     0.01523    -0.03996    -0.08147    -0.06170   0.02172    -0.02587    -0.01216     0.01575     0.03001   0.02642    -0.03472     0.03318
  -0.00000    -0.00000    -0.07210    -0.00000    -0.00000   0.00000     0.00027     0.05519     0.01787    -0.00000   0.00000    -0.01316     0.00001    -0.04994     0.00000   0.00000     0.00000     0.05246     0.09799     0.00001   0.00000    -0.00006    -0.08523     0.00000    -0.01009  -0.03103     0.01833    -0.01927    -0.00573    -0.02196  -0.00674     0.03778     0.05177    -0.04535     0.05122   0.05921     0.09414    -0.07971    -0.04367    -0.03018  -0.01285     0.01468     0.00902    -0.01074    -0.01363  -0.01147     0.01970    -0.01875
  -0.09241     0.07933     0.00000     0.05547     0.09448   0.03526     0.00000    -0.00000     0.00001     0.09162   0.03326    -0.00000    -0.06284    -0.00001    -0.03764  -0.04800     0.03463    -0.00000     0.00000    -0.04752   0.04258    -0.06184     0.00004     0.06002    -0.00000  -0.00000    -0.00000    -0.00000     0.00000    -0.00000  -0.00000     0.00000     0.00000    -0.00000     0.00000   0.00000     0.00000    -0.00000     0.00000     0.00000   0.00000    -0.00000     0.00000     0.00000     0.00000   0.00000    -0.00000     0.00000
  -0.00000     0.00000    -0.17251     0.00000    -0.00000  -0.00000     0.08341     0.02572    -0.01981     0.00000  -0.00000    -0.11496     0.00000    -0.02328     0.00000  -0.00000    -0.00000    -0.10445     0.09329     0.00001  -0.00000     0.00015     0.24877    -0.00002     0.33553   0.18789     0.28222    -0.26273     0.06107    -0.34193   0.34236     0.29279     0.06104     0.22885     0.11250   0.29551    -0.17056     0.07670    -0.11323     0.12841   0.00045    -0.00095     0.00108    -0.00139    -0.00245   0.00129    -0.00315    -0.00219
   0.00000    -0.00000     0.02591    -0.00000     0.00000  -0.00000     0.04319    -0.05240     0.11654    -0.00001  -0.00000     0.11779    -0.00000     0.01930    -0.00001  -0.00000     0.00000     0.10774     0.04134    -0.00000  -0.00000     0.00003     0.04045     0.00000     0.01091   0.08477     0.03139    -0.00795     0.02601     0.01657  -0.04572    -0.05346     0.00115     0.03826     0.04782   0.00795    -0.04584    -0.05903     0.03757    -0.01776   0.37015     0.32325     0.44158     0.42239    -0.30014   0.35007    -0.17886    -0.22051
   0.05227     0.18208    -0.00000     0.22742     0.00397  -0.28712    -0.00000     0.00001    -0.00001    -0.12223   0.30002    -0.00000    -0.25239     0.00000     0.19624   0.37712     0.28626    -0.00001    -0.00004     0.32016   0.34140    -0.24024     0.00014    -0.25352     0.00000  -0.00001     0.00000     0.00000    -0.00000     0.00000   0.00000    -0.00000    -0.00000    -0.00000     0.00000  -0.00000     0.00000     0.00000     0.00000    -0.00000   0.00000     0.00000     0.00000     0.00000    -0.00000   0.00000    -0.00000    -0.00000
  -0.00000    -0.00000     0.17251     0.00000    -0.00000  -0.00001     0.08341    -0.02572    -0.01981     0.00000   0.00000    -0.11496     0.00000     0.02328    -0.00000  -0.00000     0.00000     0.10445     0.09330     0.00001   0.00000     0.00016     0.24877    -0.00001     0.33553  -0.18789    -0.28222    -0.26273     0.06107     0.34193  -0.34236     0.29279     0.06104    -0.22885    -0.11250   0.29551    -0.17057     0.07669     0.11323    -0.12841  -0.00045     0.00095     0.00108    -0.00138     0.00245  -0.00130    -0.00315    -0.00219
   0.00000    -0.00000     0.02592     0.00000     0.00000  -0.00000    -0.04319    -0.05240    -0.11654     0.00001   0.00001    -0.11779     0.00000     0.01930     0.00000  -0.00001    -0.00000     0.10774    -0.04134     0.00000   0.00001    -0.00002    -0.04044     0.00001    -0.01090   0.08477     0.03139     0.00795    -0.02601     0.01657  -0.04572     0.05346    -0.00115     0.03825     0.04782  -0.00795     0.04584     0.05903     0.03757    -0.01777   0.37015     0.32325    -0.44158    -0.42239    -0.30014   0.35007     0.17886     0.22051
   0.05227    -0.18208    -0.00000     0.22742    -0.00397  -0.28712    -0.00000     0.00001     0.00001     0.12223   0.30002     0.00000     0.25239     0.00005     0.19624  -0.37712    -0.28626     0.00002    -0.00002     0.32016   0.34140     0.24024    -0.00013     0.25352    -0.00001   0.00001     0.00000     0.00000    -0.00000    -0.00000   0.00000    -0.00000    -0.00000     0.00000     0.00000  -0.00000     0.00000     0.00000    -0.00000     0.00000  -0.00001    -0.00001     0.00001     0.00001     0.00001  -0.00001    -0.00000    -0.00000
   0.00000     0.00000     0.17251     0.00000    -0.00000   0.00001    -0.08341     0.02572    -0.01981    -0.00000   0.00000     0.11496     0.00000     0.02328    -0.00000   0.00000    -0.00000    -0.10445     0.09328     0.00001  -0.00000    -0.00016    -0.24878     0.00002     0.33553  -0.18790     0.28221     0.26273     0.06107    -0.34189  -0.34240     0.29277    -0.06115    -0.22884     0.11250  -0.29549    -0.17058    -0.07669     0.11324     0.12841   0.00045     0.00095     0.00108     0.00138    -0.00245  -0.00130    -0.00315     0.00219
   0.00000     0.00000     0.02592     0.00000    -0.00000   0.00000     0.04319     0.05240    -0.11654     0.00001   0.00000     0.11779     0.00000     0.01930    -0.00000   0.00000    -0.00001    -0.10774    -0.04133     0.00000  -0.00001     0.00002     0.04045     0.00000    -0.01090   0.08477    -0.03138    -0.00795    -0.02601    -0.01657  -0.04572     0.05346     0.00113     0.03825    -0.04782   0.00794     0.04584    -0.05903     0.03757     0.01776  -0.37015     0.32325    -0.44157     0.42240     0.30015   0.35006     0.17887    -0.22051
   0.05227    -0.18208     0.00000    -0.22742     0.00397  -0.28712    -0.00001     0.00001     0.00000     0.12223  -0.30002     0.00000    -0.25239    -0.00004     0.19624  -0.37712     0.28626     0.00000     0.00003    -0.32017   0.34139     0.24024    -0.00017    -0.25352     0.00000  -0.00001     0.00000     0.00000     0.00000    -0.00000  -0.00000     0.00000     0.00000    -0.00000     0.00000  -0.00000    -0.00000     0.00000     0.00000     0.00000  -0.00001     0.00001    -0.00001     0.00001     0.00001   0.00001     0.00000    -0.00000
  -0.00000    -0.00000    -0.17251     0.00000     0.00000   0.00000    -0.08341    -0.02572    -0.01981     0.00000   0.00000     0.11496     0.00000    -0.02328    -0.00000   0.00000     0.00001     0.10445     0.09328     0.00000   0.00000    -0.00016    -0.24878     0.00002     0.33553   0.18790    -0.28221     0.26273     0.06107     0.34189   0.34240     0.29277    -0.06115     0.22884    -0.11250  -0.29549    -0.17058    -0.07669    -0.11324    -0.12841  -0.00045    -0.00095     0.00108     0.00139     0.00245   0.00129    -0.00315     0.00219
   0.00000    -0.00000     0.02591     0.00000    -0.00000   0.00001    -0.04319     0.05240     0.11654    -0.00001   0.00000    -0.11779    -0.00001     0.01930    -0.00000  -0.00001     0.00000    -0.10774     0.04134     0.00001  -0.00001    -0.00002    -0.04045    -0.00000     0.01091   0.08477    -0.03139     0.00795     0.02601    -0.01656  -0.04572    -0.05346    -0.00113     0.03826    -0.04782  -0.00795    -0.04584     0.05903     0.03757     0.01776  -0.37015     0.32325     0.44158    -0.42240     0.30015   0.35006    -0.17887     0.22051
   0.05227     0.18208     0.00000    -0.22742    -0.00397  -0.28712    -0.00001     0.00001    -0.00001    -0.12223  -0.30002    -0.00000     0.25239     0.00003     0.19624   0.37712    -0.28626     0.00000     0.00002    -0.32017   0.34139    -0.24024     0.00018     0.25352     0.00000  -0.00000     0.00000    -0.00000    -0.00000    -0.00000   0.00000     0.00000    -0.00000    -0.00000    -0.00000   0.00000     0.00000    -0.00000     0.00000     0.00000  -0.00001     0.00001     0.00001    -0.00001     0.00001   0.00001    -0.00000     0.00000
  -0.00000     0.00000    -0.05263    -0.00000    -0.00001   0.00000     0.08945     0.11060     0.00171     0.00001   0.00000    -0.06034    -0.00002     0.15713     0.00000   0.00001     0.00001     0.04574     0.00814    -0.00001  -0.00001     0.00002     0.00852     0.00001    -0.05721  -0.13038    -0.18441     0.20661    -0.22346    -0.10583  -0.04941     0.01188     0.00536     0.16611     0.11180   0.14344    -0.12823    -0.05060     0.01205     0.00382   0.26286     0.30637     0.15624     0.19183     0.32277  -0.28201     0.38204     0.36561
  -0.00000    -0.00000    -0.12200    -0.00000     0.00000   0.00000    -0.04238     0.01329    -0.07182     0.00001  -0.00000    -0.06980    -0.00000     0.03697     0.00000   0.00000    -0.00000    -0.08180     0.20725     0.00002  -0.00000     0.00012     0.19553    -0.00001    -0.02075  -0.26207    -0.27851     0.34503    -0.34410    -0.10682  -0.05404    -0.06231     0.04661     0.27784     0.26454   0.13726    -0.14586    -0.08478     0.14474    -0.09002  -0.14925    -0.17346    -0.09080    -0.11175    -0.17882   0.15539    -0.21836    -0.20832
  -0.19812     0.15906    -0.00000    -0.10211    -0.24746  -0.04670    -0.00001    -0.00000     0.00001     0.21796   0.35388     0.00000     0.00292     0.00003     0.37208   0.22051     0.24343    -0.00002     0.00003    -0.29105  -0.24568     0.35580    -0.00021     0.34344     0.00000   0.00001     0.00000    -0.00001     0.00001     0.00000   0.00000    -0.00000     0.00000    -0.00000    -0.00000  -0.00000     0.00000     0.00000    -0.00000     0.00000  -0.00001    -0.00001    -0.00000    -0.00000    -0.00001   0.00001    -0.00001    -0.00001
  -0.00000    -0.00000     0.05263    -0.00000     0.00000  -0.00001     0.08945    -0.11060     0.00171    -0.00000   0.00001    -0.06034     0.00002    -0.15713     0.00001   0.00000     0.00000    -0.04574     0.00814     0.00000   0.00000     0.00000     0.00852    -0.00000    -0.05721   0.13038     0.18442     0.20661    -0.22347     0.10583   0.04941     0.01188     0.00536    -0.16611    -0.11180   0.14344    -0.12824    -0.05061    -0.01205    -0.00382  -0.26286    -0.30637     0.15624     0.19183    -0.32277   0.28201     0.38203     0.36561
  -0.00000    -0.00000    -0.12200    -0.00000     0.00000  -0.00000     0.04238     0.01329     0.07182    -0.00000  -0.00000     0.06980    -0.00001     0.03696    -0.00000  -0.00000    -0.00000    -0.08180    -0.20725    -0.00001   0.00000    -0.00012    -0.19553     0.00002     0.02075  -0.26207    -0.27850    -0.34502     0.34410    -0.10682  -0.05404     0.06231    -0.04661     0.27783     0.26454  -0.13726     0.14586     0.08478     0.14474    -0.09002  -0.14926    -0.17346     0.09080     0.11175    -0.17882   0.15540     0.21837     0.20833
  -0.19812    -0.15906     0.00000    -0.10211     0.24746  -0.04670     0.00000     0.00001    -0.00001    -0.21796   0.35388     0.00000    -0.00292     0.00003     0.37208  -0.22051    -0.24343     0.00002     0.00002    -0.29105  -0.24568    -0.35580     0.00020    -0.34344     0.00000  -0.00000    -0.00000    -0.00000     0.00000    -0.00000  -0.00000    -0.00000     0.00000     0.00000    -0.00000  -0.00000     0.00000     0.00000    -0.00000     0.00000  -0.00000    -0.00000     0.00000     0.00000    -0.00000   0.00000     0.00000     0.00000
   0.00000     0.00000     0.05263    -0.00000     0.00000   0.00001    -0.08945     0.11060     0.00171     0.00000   0.00001     0.06034     0.00002    -0.15713     0.00001   0.00000     0.00000     0.04574     0.00814     0.00000   0.00000    -0.00001    -0.00852     0.00000    -0.05722   0.13039    -0.18441    -0.20661    -0.22347    -0.10584   0.04940     0.01188    -0.00537    -0.16611     0.11180  -0.14343    -0.12824     0.05061    -0.01205     0.00382   0.26286    -0.30638     0.15624    -0.19183     0.32278   0.28200     0.38204    -0.36560
  -0.00000     0.00000    -0.12200    -0.00000     0.00000   0.00000    -0.04238    -0.01329     0.07182    -0.00000  -0.00000    -0.06980    -0.00001     0.03696    -0.00000  -0.00000     0.00000     0.08180    -0.20723    -0.00002  -0.00001     0.00013     0.19554    -0.00001     0.02075  -0.26208     0.27850     0.34502     0.34410     0.10683  -0.05403     0.06233     0.04659     0.27783    -0.26455   0.13725     0.14586    -0.08478     0.14474     0.09001   0.14926    -0.17346     0.09080    -0.11175     0.17883   0.15539     0.21837    -0.20833
  -0.19812    -0.15906    -0.00000     0.10211    -0.24746  -0.04670    -0.00000     0.00000    -0.00001    -0.21797  -0.35388     0.00000     0.00292    -0.00001     0.37208  -0.22051     0.24343     0.00001    -0.00003     0.29106  -0.24567    -0.35581     0.00025     0.34344    -0.00001  -0.00000    -0.00000    -0.00000     0.00000    -0.00000   0.00000     0.00000     0.00000    -0.00000    -0.00000  -0.00000    -0.00000    -0.00000     0.00000     0.00000  -0.00000     0.00000    -0.00000     0.00000    -0.00000  -0.00000    -0.00000     0.00000
   0.00000    -0.00000    -0.05263     0.00000     0.00000  -0.00000    -0.08945    -0.11060     0.00171    -0.00000  -0.00001     0.06034    -0.00002     0.15713    -0.00001  -0.00000    -0.00000    -0.04574     0.00813    -0.00000   0.00000    -0.00001    -0.00852     0.00000    -0.05722  -0.13039     0.18441    -0.20661    -0.22346     0.10583  -0.04940     0.01188    -0.00537     0.16611    -0.11180  -0.14343    -0.12824     0.05061     0.01205    -0.00382  -0.26286     0.30638     0.15624    -0.19183    -0.32278  -0.28200     0.38204    -0.36560
  -0.00000    -0.00000    -0.12200    -0.00000    -0.00000  -0.00000     0.04238    -0.01329    -0.07182     0.00000   0.00000     0.06980    -0.00000     0.03697    -0.00001   0.00000     0.00000     0.08180     0.20723     0.00001   0.00000    -0.00013    -0.19554     0.00002    -0.02076  -0.26208     0.27850    -0.34502    -0.34410     0.10683  -0.05403    -0.06233    -0.04659     0.27783    -0.26455  -0.13725    -0.14586     0.08478     0.14474     0.09001   0.14925    -0.17346    -0.09080     0.11175     0.17882   0.15539    -0.21836     0.20832
  -0.19812     0.15906     0.00000     0.10211     0.24746  -0.04670     0.00000     0.00000     0.00001     0.21797  -0.35388     0.00000    -0.00292    -0.00001     0.37208   0.22051    -0.24343     0.00002    -0.00002     0.29106  -0.24567     0.35581    -0.00026    -0.34344     0.00001  -0.00000     0.00000    -0.00000    -0.00000     0.00000   0.00000    -0.00000    -0.00000     0.00000    -0.00000  -0.00000    -0.00000     0.00000     0.00000     0.00000  -0.00000     0.00000     0.00000    -0.00000    -0.00000  -0.00000     0.00000    -0.00000
