    0.00000     0.00000    -0.00000     0.00000    -0.00000    0.00000     0.04937     0.04939    -0.00000    -0.00000    0.00000     0.00000     0.09866     0.09866     0.00000
   -0.00000     0.00000     0.00000    -0.00000     0.00000    0.00000    -0.04939     0.04937    -0.00000    -0.00000    0.00000     0.00000    -0.09866     0.09866     0.00000
   -0.00000    -0.00000    -0.00000    -0.00000    -0.00000   -0.00000    -0.00000     0.00000     0.06984    -0.00000    0.00000    -0.00000     0.00000    -0.00000     0.13952
    0.08111     0.08112     0.00000     0.00000     0.08111   -0.08112    -0.05576    -0.05578    -0.00000     0.00000   -0.00000    -0.00000    -0.00679    -0.00679    -0.00000
   -0.08112     0.08111     0.00000     0.00000    -0.08112   -0.08111     0.05578    -0.05576    -0.00000     0.00000   -0.00000    -0.00000     0.00679    -0.00679    -0.00000
   -0.00000     0.00000    -0.00000    -0.00000    -0.00000   -0.00000    -0.00000    -0.00000     0.09881    -0.02030    0.13088     0.09368    -0.00000    -0.00000    -0.09853
    0.00001    -0.08111    -0.00000     0.08111    -0.00000   -0.00000     0.06988    -0.05576     0.00000     0.08734   -0.03385     0.06622    -0.06967    -0.00679     0.00000
    0.00001    -0.08111     0.00000     0.08111     0.00000   -0.00000    -0.06986    -0.05578    -0.00000    -0.08734    0.03385    -0.06622     0.06967    -0.00679    -0.00000
    0.00000    -0.00000     0.11471    -0.00000     0.11471   -0.00001     0.00000     0.00000    -0.07887     0.00000   -0.00000     0.00000     0.00000     0.00000    -0.00960
   -0.08111    -0.00001    -0.00000    -0.08111     0.00000    0.00000    -0.05578     0.06986    -0.00000     0.07297    0.05872    -0.06623    -0.00679    -0.06967    -0.00000
    0.08111     0.00001    -0.00000     0.08111    -0.00000    0.00000     0.05576     0.06988    -0.00000     0.07297    0.05872    -0.06623     0.00679    -0.06967    -0.00000
   -0.00000    -0.00000    -0.11471     0.00000     0.00001    0.11471     0.00000    -0.00000    -0.07887    -0.00000   -0.00000     0.00000     0.00000    -0.00000    -0.00960
    0.00001    -0.08111     0.00000    -0.08111    -0.00000   -0.00000     0.06988    -0.05576    -0.00000    -0.08734    0.03385    -0.06622    -0.06967    -0.00679    -0.00000
    0.00001    -0.08111    -0.00000    -0.08111     0.00000   -0.00000    -0.06986    -0.05578     0.00000     0.08734   -0.03385     0.06622     0.06967    -0.00679     0.00000
   -0.00000     0.00000     0.11471    -0.00000    -0.11471    0.00001    -0.00000    -0.00000    -0.07887     0.00000   -0.00000     0.00000    -0.00000    -0.00000    -0.00960
   -0.08111    -0.00001     0.00000     0.08111     0.00000    0.00000    -0.05578     0.06986     0.00000    -0.07297   -0.05872     0.06623    -0.00679    -0.06967     0.00000
    0.08111     0.00001     0.00000    -0.08111    -0.00000    0.00000     0.05576     0.06988     0.00000    -0.07297   -0.05872     0.06623     0.00679    -0.06967     0.00000
    0.00000     0.00000    -0.11471     0.00000    -0.00001   -0.11471    -0.00000     0.00000    -0.07887    -0.00000   -0.00000     0.00000    -0.00000     0.00000    -0.00960
    0.08111     0.08112    -0.00000    -0.00000    -0.08111    0.08112    -0.05576    -0.05578     0.00000     0.00000   -0.00000    -0.00000    -0.00679    -0.00679     0.00000
   -0.08112     0.08111    -0.00000    -0.00000     0.08112    0.08111     0.05578    -0.05576     0.00000     0.00000   -0.00000    -0.00000     0.00679    -0.00679     0.00000
    0.00000    -0.00000    -0.00000     0.00000    -0.00000   -0.00000     0.00000     0.00000     0.09881     0.02030   -0.13088    -0.09368     0.00000     0.00000    -0.09853
